Station : Ban Kum Wat Tai Kosum, Kosum Phisai, Maha Sarakham, (E.1)		16/06/2022
Stream : Chi									Royal Irrigation Department
River : Chi									Thailand
										Hydrology Division
										Rating Curve HC.000Y/1980

						Water Year - 1980	
		Discharge, in Cubic Meter per Second, Water Year  April 1, 1980 to March 31, 1981	

Date	Apr	May	Jun	Jul	Aug	Sep	Oct	Nov	Dec	Jan	Feb	Mar	Annual	
1	11.70	14.70	34.40	578.10	397.40	202.30	962.00	750.80	98.20	57.00	40.50	82.20		
2	11.70	16.20	36.80	580.70	411.80	210.00	980.00	719.60	92.80	60.00	40.00	82.20		
3	11.40	15.60	44.00	567.70	420.80	241.80	1001.60	678.00	92.20	55.50	40.00	75.50		
4	12.00	15.00	59.00	552.40	419.00	270.60	1027.20	632.80	89.35	51.00	39.20	72.00		
5	13.20	19.80	59.50	541.00	414.50	297.80	1056.00	602.40	85.50	49.00	42.50	83.30		
6	12.60	24.50	59.00	541.00	401.90	338.15	1084.80	542.00	81.10	55.00	56.00	91.00		
7	11.70	21.00	61.00	511.00	399.20	400.10	1113.60	490.00	79.00	55.50	59.50	95.80		
8	11.70	19.20	58.00	501.00	399.20	459.75	1126.40	449.60	74.50	55.00	61.50	98.20		
9	11.70	19.80	58.50	493.00	401.00	521.00	1136.00	420.80	73.50	53.50	63.50	100.60		
10	11.40	22.05	63.50	485.00	406.40	557.30	1177.60	379.40	72.00	52.00	63.00	101.20		
11	10.80	22.75	73.00	475.00	416.30	579.40	1222.40	337.30	69.50	52.00	60.50	101.20		
12	10.80	21.00	81.10	459.75	418.10	613.60	1244.80	294.60	67.50	50.50	61.50	101.80		
13	11.70	19.20	94.00	439.70	415.40	629.60	1238.40	261.80	66.00	50.00	66.00	102.40		
14	12.00	18.60	104.20	414.50	403.70	645.80	1222.40	232.20	66.50	46.50	68.00	103.00		
15	11.10	20.40	112.00	393.80	387.50	649.40	1203.20	214.90	64.00	47.00	67.00	105.40		
16	9.00	19.50	120.40	370.40	356.00	654.80	1196.80	200.20	62.00	47.00	65.50	107.20		
17	8.25	18.00	114.40	350.90	326.25	666.00	1193.60	184.10	61.50	48.00	61.00	107.80		
18	7.50	19.20	119.20	333.90	293.00	694.00	1193.60	176.40	61.00	47.50	55.50	108.40		
19	7.00	22.40	182.00	323.70	263.40	732.80	1187.20	167.30	62.00	48.00	59.50	107.80		
20	7.00	23.80	238.60	310.95	253.80	765.20	1164.80	158.90	62.50	48.00	64.50	107.80		
21	8.00	23.45	289.00	297.00	262.60	796.00	1139.20	154.00	63.50	48.00	58.50	106.60		
22	9.30	33.20	337.30	290.60	273.00	824.60	1110.40	136.60	67.50	49.50	55.00	106.60		
23	11.10	43.00	376.70	288.20	281.00	845.40	1084.80	130.10	70.00	48.50	67.00	105.40		
24	15.00	49.00	420.80	288.20	291.40	859.20	1046.40	134.00	68.00	48.00	67.00	104.20		
25	17.10	44.50	462.60	288.20	311.80	876.00	1014.40	130.10	63.50	47.00	67.00	103.60		
26	17.10	37.20	499.00	287.40	318.60	881.60	971.00	126.20	59.00	46.50	76.00	103.60		
27	17.40	29.20	522.00	290.60	300.20	895.60	944.00	116.80	57.50	46.00	80.00	104.20		
28	17.70	27.65	548.80	304.20	265.00	906.80	915.20	113.20	56.50	46.00	82.20	104.80		
29	17.70	28.40	563.80	324.55	235.40	959.00	878.80	110.80	57.00	45.50		105.40		
30	16.80	30.00	571.60	352.60	213.50	956.00	835.00	107.20	56.50	45.50		104.80		
31		32.40		379.40	207.20		801.20		57.00	43.00		105.40		
Total	361.45	770.70	6364.20	12614.45	10564.35	18929.60	33472.80	9152.10	2156.65	1541.50	1687.40	3089.40	100704.60	
Mean	12.05	24.86	212.14	406.92	340.79	630.99	1079.77	305.07	69.57	49.73	60.26	99.66	275.90	
Max	17.70	49.00	571.60	580.70	420.80	959.00	1244.80	750.80	98.20	60.00	82.20	108.40	1244.80	
Min	7.00	14.70	34.40	287.40	207.20	202.30	801.20	107.20	56.50	43.00	39.20	72.00	7.00	
Runoff	31.23	66.59	549.87	1089.89	912.76	1635.52	2892.05	790.74	186.33	133.19	145.79	266.92	8700.88	
Momentary Peak 1244.80 CMS, at 147.29 M (MSL.) at 17.00 hours, on Oct 12, 1980                         
Runoff Yield 9.26 Liters/Second/Square KM,  Momentary Peak Yield 41.79 Liters/Second/Square KM                         


Station : Ban Kum Wat Tai Kosum, Kosum Phisai, Maha Sarakham, (E.1)		16/06/2022
Stream : Chi									Royal Irrigation Department
River : Chi									Thailand
										Hydrology Division
										Rating Curve HC.000Y/1980

						Water Year - 1981	
		Discharge, in Cubic Meter per Second, Water Year  April 1, 1981 to March 31, 1982	

Date	Apr	May	Jun	Jul	Aug	Sep	Oct	Nov	Dec	Jan	Feb	Mar	Annual	
1	117.30	186.40	94.50	71.95	126.30	58.20	49.50	81.30	27.45	14.10	8.40	12.10		
2	117.30	177.60	94.50	68.10	105.30	60.40	57.65	80.20	26.10	14.90	8.75	14.50		
3	125.70	143.15	91.75	63.15	89.55	64.25	67.55	76.90	25.20	16.90	8.40	16.90		
4	138.90	113.70	89.00	57.65	83.50	78.00	73.05	80.20	23.85	20.90	8.40	20.50		
5	146.40	95.70	87.90	48.50	78.55	92.85	77.45	82.95	23.85	18.90	9.10	19.30		
6	146.40	84.05	85.70	45.50	82.95	95.70	84.60	82.95	26.10	18.50	11.30	16.50		
7	157.45	74.15	84.05	46.00	85.70	92.30	85.70	75.80	27.90	14.50	15.70	15.30		
8	172.40	67.00	90.65	48.00	86.25	90.65	89.00	74.70	26.10	13.30	16.10	14.50		
9	174.35	62.60	91.20	50.50	87.35	92.85	89.55	73.05	24.30	10.90	15.70	14.10		
10	175.65	62.05	86.25	48.50	92.30	96.90	89.55	69.75	22.10	9.45	12.10	13.30		
11	176.30	75.80	79.65	50.00	105.90	96.90	84.60	65.35	21.30	9.45	10.50	12.10		
12	176.95	82.95	78.00	50.00	125.10	93.95	82.95	64.25	20.10	9.45	12.50	12.10		
13	177.60	75.80	78.00	45.00	141.90	89.00	84.60	83.50	18.90	8.75	12.10	11.70		
14	178.90	73.05	79.10	41.50	152.25	83.50	86.80	89.00	18.50	8.40	10.15	12.50		
15	179.55	73.60	81.85	41.00	149.65	80.20	89.00	74.15	18.10	7.35	9.45	13.30		
16	180.20	72.50	85.15	42.50	138.30	76.35	92.30	63.15	18.10	7.00	8.40	12.10		
17	182.90	75.80	98.70	44.00	123.90	69.75	122.70	56.00	17.30	7.00	7.70	10.90		
18	181.50	90.65	101.10	46.00	111.30	67.00	136.50	51.00	17.30	6.65	7.70	9.45		
19	182.20	87.90	95.70	60.40	100.50	60.95	126.90	46.00	16.10	6.30	8.05	7.70		
20	182.20	88.45	95.10	85.70	91.20	56.00	122.70	43.50	16.50	6.30	8.75	6.65		
21	182.90	87.35	87.35	153.55	87.35	51.00	111.90	40.50	16.50	6.30	9.45	6.65		
22	181.50	84.05	70.85	243.10	83.50	47.50	99.90	39.50	16.50	7.70	10.90	8.40		
23	180.85	88.45	58.20	290.75	81.30	47.00	93.95	40.00	16.10	8.75	10.15	5.95		
24	180.20	92.30	49.50	292.25	76.35	42.00	90.65	39.00	16.10	10.15	10.90	4.90		
25	182.20	94.50	46.50	266.20	71.95	39.00	89.55	37.50	16.10	9.45	10.50	3.85		
26	184.30	91.20	48.00	236.10	68.65	36.00	90.65	36.00	16.10	8.40	10.15	2.80		
27	185.00	90.10	55.50	217.20	64.80	36.00	90.65	35.10	15.30	8.40	9.80	3.15		
28	185.00	38.50	64.80	210.20	60.40	36.00	88.45	33.30	14.90	8.40	10.15	4.55		
29	184.30	40.50	66.45	201.10	58.75	37.50	89.00	31.95	14.50	8.40		6.30		
30	185.00	40.50	69.20	180.85	56.00	40.50	86.25	29.70	14.50	8.40		7.00		
31		41.00		152.25	55.00		84.05		14.10	8.40		6.30		
Total	5101.40	2651.35	2384.20	3497.50	2921.80	2008.20	2807.65	1776.25	605.85	321.75	291.25	325.35	24692.55	
Mean	170.05	85.53	79.47	112.82	94.25	66.94	90.57	59.21	19.54	10.38	10.40	10.50	67.65	
Max	185.00	186.40	101.10	292.25	152.25	96.90	136.50	89.00	27.90	20.90	16.10	20.50	292.25	
Min	117.30	38.50	46.50	41.00	55.00	36.00	49.50	29.70	14.10	6.30	7.70	2.80	2.80	
Runoff	440.76	229.08	205.99	302.18	252.44	173.51	242.58	153.47	52.35	27.80	25.16	28.11	2133.44	
Momentary Peak 299.00 CMS, at 141.76 M (MSL.) at 1.00 hours, on Jul 24, 1981                         
Runoff Yield 2.27 Liters/Second/Square KM,  Momentary Peak Yield 10.04 Liters/Second/Square KM                         


Station : Ban Kum Wat Tai Kosum, Kosum Phisai, Maha Sarakham, (E.1)		16/06/2022
Stream : Chi									Royal Irrigation Department
River : Chi									Thailand
										Hydrology Division
										Rating Curve HC.000Y/1980

						Water Year - 1982	
		Discharge, in Cubic Meter per Second, Water Year  April 1, 1982 to March 31, 1983	

Date	Apr	May	Jun	Jul	Aug	Sep	Oct	Nov	Dec	Jan	Feb	Mar	Annual	
1	8.60	12.40	15.70	8.80	18.80	48.80	575.00	409.50	58.40	25.20	21.60	49.33		
2	7.60	13.00	14.80	8.40	18.40	57.33	602.00	394.20	53.60	24.80	20.40	49.33		
3	7.00	12.40	14.50	8.20	16.40	58.40	622.00	378.00	49.33	24.40	21.60	49.87		
4	6.80	12.40	13.60	7.80	16.40	54.13	631.00	361.80	47.73	24.40	28.40	47.20		
5	7.00	12.10	13.90	8.00	14.50	53.07	634.00	346.50	47.20	23.60	38.13	42.93		
6	7.60	11.20	14.80	8.80	12.40	53.07	632.00	329.40	46.67	24.40	43.47	40.27		
7	8.00	10.60	17.20	9.60	13.90	60.53	626.00	313.20	46.13	24.80	45.60	38.13		
8	8.40	11.20	18.40	10.30	13.00	331.20	618.00	302.06	48.27	25.60	48.27	37.07		
9	9.80	13.30	20.80	10.90	13.30	510.30	607.00	292.60	52.53	26.00	50.93	36.00		
10	13.90	13.90	26.00	14.80	14.20	554.00	597.00	279.20	54.13	25.20	54.13	35.20		
11	15.10	14.20	29.60	16.40	16.00	561.00	585.00	267.38	54.13	24.40	56.27	34.40		
12	16.40	13.30	39.73	17.20	16.80	547.00	578.00	255.55	54.13	23.60	54.13	33.20		
13	18.80	12.40	41.87	15.40	19.20	519.30	571.00	243.73	49.87	24.00	53.60	32.40		
14	18.40	12.70	36.53	13.60	19.60	481.50	561.00	228.75	45.07	23.20	54.13	31.20		
15	15.70	14.50	32.40	13.30	16.00	436.50	549.00	212.20	43.47	22.80	54.13	30.00		
16	13.30	15.70	36.53	12.10	15.40	397.80	539.10	192.49	40.27	24.00	54.67	29.20		
17	11.80	15.70	41.87	11.80	15.40	373.50	530.10	171.30	38.67	24.40	56.80	28.00		
18	11.20	15.10	41.87	11.50	13.90	366.30	522.00	153.80	37.60	25.20	56.27	26.80		
19	10.90	15.10	37.60	12.40	13.00	368.10	513.90	139.10	37.07	24.40	56.27	25.20		
20	10.90	17.60	30.80	22.00	14.20	362.70	505.80	130.70	36.00	23.60	52.53	24.40		
21	10.90	18.40	24.00	37.07	15.70	353.70	498.60	126.50	35.20	24.00	50.40	25.60		
22	10.90	17.60	18.40	62.67	15.70	334.80	492.30	118.80	34.80	23.20	49.87	28.80		
23	10.90	18.80	14.50	81.80	14.80	324.00	484.20	110.60	34.00	23.60	51.47	31.20		
24	10.60	19.60	12.70	69.20	15.70	322.20	473.40	103.40	33.20	24.00	52.00	32.40		
25	10.60	18.80	11.50	54.67	19.20	349.20	458.10	99.20	32.00	23.20	50.93	32.00		
26	13.30	17.60	10.60	40.80	22.00	390.60	443.70	95.00	31.20	22.80	48.27	32.80		
27	13.30	17.20	9.60	33.60	22.80	427.50	444.60	87.80	30.00	22.40	47.73	36.00		
28	12.70	17.60	9.20	28.80	23.60	468.00	442.80	78.80	28.80	22.00	47.73	38.13		
29	11.80	20.00	9.20	25.60	24.80	521.10	440.10	71.00	27.60	22.00		40.80		
30	11.20	19.60	9.20	23.60	32.00	551.00	432.90	64.27	26.40	21.60		41.87		
31		17.60		19.60	39.73		423.00		25.60	22.40		38.13		
Total	343.40	471.60	667.40	718.71	556.83	10236.63	16632.60	6356.83	1279.07	739.20	1319.73	1097.86	40419.86	
Mean	11.45	15.21	22.25	23.18	17.96	341.22	536.54	211.89	41.26	23.85	47.13	35.41	110.74	
Max	18.80	20.00	41.87	81.80	39.73	561.00	634.00	409.50	58.40	26.00	56.80	49.87	634.00	
Min	6.80	10.60	9.20	7.80	12.40	48.80	423.00	64.27	25.60	21.60	20.40	24.40	6.80	
Runoff	29.67	40.75	57.66	62.10	48.11	884.44	1437.06	549.23	110.51	63.87	114.02	94.86	3492.28	
Momentary Peak 635.00 CMS, at 145.05 M (MSL.) at 6.00 hours, on Oct 5, 1982                         
Runoff Yield 3.72 Liters/Second/Square KM,  Momentary Peak Yield 21.32 Liters/Second/Square KM                         


Station : Ban Kum Wat Tai Kosum, Kosum Phisai, Maha Sarakham, (E.1)		16/06/2022
Stream : Chi									Royal Irrigation Department
River : Chi									Thailand
										Hydrology Division
										Rating Curve HC.000Y/1980

						Water Year - 1983	
		Discharge, in Cubic Meter per Second, Water Year  April 1, 1983 to March 31, 1984	

Date	Apr	May	Jun	Jul	Aug	Sep	Oct	Nov	Dec	Jan	Feb	Mar	Annual	
1	46.00	55.00	61.00	293.00	135.10	342.60	364.20	356.20	102.40	35.50	22.40	58.00		
2	47.80	55.60	70.60	298.60	147.70	345.80	361.80	354.60	110.20	35.50	22.70	58.00		
3	49.60	55.00	76.60	282.60	165.20	357.00	363.40	337.80	104.80	36.00	25.00	56.20		
4	49.60	57.40	88.00	249.80	183.40	364.20	371.54	305.80	92.20	35.50	29.80	52.00		
5	48.40	56.80	105.40	215.50	199.00	373.24	387.64	274.60	93.40	34.50	38.00	49.00		
6	46.60	57.40	112.70	186.90	234.25	384.25	413.05	250.60	55.00	33.50	46.00	46.60		
7	46.60	57.40	114.10	172.90	257.80	394.41	424.91	232.75	62.20	32.50	49.60	46.00		
8	47.20	58.00	114.80	160.30	314.60	429.14	429.14	222.25	63.40	32.50	51.40	45.50		
9	49.00	60.40	118.30	154.00	376.62	472.34	423.21	211.00	63.40	31.00	51.40	44.50		
10	49.00	73.60	126.70	146.30	429.14	487.59	413.89	202.75	62.80	30.60	53.80	44.50		
11	49.60	80.80	130.90	140.00	480.81	490.98	407.12	197.50	58.60	31.00	56.20	44.00		
12	50.80	81.40	132.30	133.00	505.38	494.37	401.19	189.70	57.40	29.80	58.60	44.50		
13	52.00	85.00	126.70	121.80	522.00	495.21	397.80	190.40	53.80	28.60	58.60	44.00		
14	53.20	93.40	113.40	110.80	532.80	496.91	396.95	184.80	49.60	27.00	58.60	43.50		
15	53.20	97.00	107.20	110.20	537.30	499.45	391.87	178.50	47.80	27.40	57.40	43.00		
16	53.20	96.40	102.40	116.20	535.50	497.75	392.72	170.80	46.60	27.00	57.40	42.50		
17	50.80	94.00	102.40	121.10	532.80	488.44	396.11	158.20	46.00	27.00	58.00	41.00		
18	47.80	90.40	112.00	124.60	525.60	480.81	401.19	151.90	45.50	27.00	61.60	41.50		
19	48.40	73.60	126.00	130.20	521.10	468.11	402.88	150.50	51.40	25.40	65.20	43.00		
20	48.40	49.00	133.00	130.90	539.10	452.86	402.04	154.70	51.40	23.80	67.60	45.00		
21	47.20	49.60	133.70	130.20	547.20	436.77	397.80	158.90	43.00	23.40	66.40	45.00		
22	50.80	67.00	130.90	127.40	558.90	421.52	396.11	167.30	29.40	23.40	65.20	43.00		
23	55.00	89.20	128.10	127.40	561.60	410.51	392.72	179.20	24.20	23.40	62.80	42.50		
24	56.20	93.40	123.20	137.90	557.10	403.73	380.86	172.90	24.60	23.40	62.20	42.50		
25	52.60	92.80	119.70	146.30	546.30	400.34	374.93	153.30	25.00	24.20	61.60	42.50		
26	49.00	88.00	116.90	155.40	530.10	393.57	368.20	134.40	24.60	23.40	59.80	41.50		
27	49.60	88.60	131.60	156.80	505.38	383.40	364.20	123.90	24.60	23.40	58.60	39.00		
28	48.40	86.80	184.10	155.40	473.19	371.54	360.20	109.00	24.20	23.40	59.20	38.50		
29	49.60	76.60	250.60	147.70	434.22	367.40	359.40	98.20	32.50	22.70	58.60	38.50		
30	53.20	58.00	276.20	141.40	392.72	365.80	358.60	94.60	33.00	22.70		39.00		
31		54.40		135.10	358.60		357.00		34.50	22.70		39.50		
Total	1498.80	2272.00	3769.50	4959.70	13140.51	12770.04	12052.67	5867.05	1637.50	867.20	1543.70	1383.80	61762.47	
Mean	49.96	73.29	125.65	159.99	423.89	425.67	388.80	195.57	52.82	27.97	53.23	44.64	168.75	
Max	56.20	97.00	276.20	298.60	561.60	499.45	429.14	356.20	110.20	36.00	67.60	58.00	561.60	
Min	46.00	49.00	61.00	110.20	135.10	342.60	357.00	94.60	24.20	22.70	22.40	38.50	22.40	
Runoff	129.50	196.30	325.68	428.52	1135.34	1103.33	1041.35	506.91	141.48	74.93	133.38	119.56	5336.28	
Momentary Peak 561.60 CMS, at 144.54 M (MSL.) at 18.00 hours, on Aug 23, 1983                         
Runoff Yield 5.66 Liters/Second/Square KM,  Momentary Peak Yield 18.85 Liters/Second/Square KM                         


Station : Ban Kum Wat Tai Kosum, Kosum Phisai, Maha Sarakham, (E.1)		16/06/2022
Stream : Chi									Royal Irrigation Department
River : Chi									Thailand
										Hydrology Division
										Rating Curve HC.000Y/1980

						Water Year - 1984	
		Discharge, in Cubic Meter per Second, Water Year  April 1, 1984 to March 31, 1985	

Date	Apr	May	Jun	Jul	Aug	Sep	Oct	Nov	Dec	Jan	Feb	Mar	Annual	
1	43.00	89.60	83.00	51.50	125.00	92.00	122.60	215.60	80.60	24.00	8.70	22.00		
2	44.50	83.00	82.40	59.60	122.00	102.80	132.80	250.00	65.60	22.80	8.70	23.20		
3	50.00	90.80	81.80	56.00	109.40	137.60	138.20	284.40	50.50	21.60	9.00	22.40		
4	63.80	86.60	74.00	51.00	94.40	168.90	129.20	318.20	48.00	20.40	10.20	22.40		
5	69.80	77.60	66.20	53.60	80.00	196.20	125.00	331.70	46.00	19.60	11.40	20.00		
6	78.80	79.40	62.60	61.40	65.60	221.20	135.20	338.00	44.00	18.80	9.60	20.00		
7	86.00	85.40	68.60	65.00	52.50	231.60	160.50	342.50	42.00	19.20	9.60	23.60		
8	78.20	88.40	69.20	69.20	46.50	223.60	184.30	330.80	40.00	22.00	15.60	24.80		
9	72.80	87.80	67.40	81.80	49.00	217.20	229.20	310.10	39.00	21.60	20.00	36.00		
10	73.40	86.00	70.40	91.40	48.50	226.00	272.40	293.20	38.00	17.60	18.00	45.50		
11	74.60	89.00	75.20	93.80	49.50	234.80	286.00	278.00	38.00	13.20	13.60	37.00		
12	75.20	86.00	87.20	93.20	54.80	226.80	294.00	266.00	37.50	11.70	9.90	30.00		
13	74.60	83.00	97.40	98.60	54.80	209.20	300.40	258.80	37.00	13.60	10.50	20.00		
14	76.40	79.40	95.60	98.60	59.60	192.70	308.30	252.40	33.00	16.40	10.50	11.70		
15	78.20	83.60	84.20	95.00	75.80	179.40	312.80	253.20	29.50	17.20	10.50	7.80		
16	81.80	88.40	74.60	92.00	111.80	166.80	300.40	253.20	26.40	14.40	9.60	5.70		
17	84.20	92.60	68.60	91.40	132.20	161.20	280.40	244.40	23.20	13.20	8.70	6.90		
18	84.20	89.00	72.80	83.60	133.40	152.10	276.40	242.80	24.00	19.60	8.10	12.40		
19	82.40	89.60	76.40	81.80	140.00	140.00	304.70	238.00	25.20	19.20	8.70	11.10		
20	80.60	89.00	78.20	81.20	165.40	132.80	312.80	235.60	24.40	16.80	9.30	12.40		
21	79.40	87.80	77.60	78.80	204.60	126.20	302.90	230.80	24.40	14.00	9.00	17.20		
22	80.00	90.80	75.20	74.00	215.60	123.80	288.40	226.80	23.60	13.60	8.10	19.60		
23	80.60	90.20	70.40	66.80	203.20	122.60	274.00	226.00	24.00	13.20	11.70	19.20		
24	95.60	91.40	65.00	64.40	191.30	119.00	260.40	222.00	26.40	13.60	15.60	20.80		
25	98.00	92.00	58.40	60.80	166.80	117.20	250.80	197.60	28.00	13.60	18.40	22.40		
26	77.60	91.40	54.20	56.60	148.60	114.80	239.60	164.70	28.50	14.80	20.40	24.80		
27	64.40	92.60	51.50	56.60	131.60	110.60	235.60	149.30	27.20	18.00	21.60	26.40		
28	64.40	90.80	49.00	43.50	117.20	104.60	226.00	138.80	24.80	18.80	21.20	26.00		
29	69.20	86.60	45.00	50.00	105.20	102.80	218.00	124.40	23.60	15.60		24.80		
30	80.00	84.20	46.50	102.80	89.60	108.80	214.00	96.20	23.20	12.00		23.60		
31		83.60		122.00	88.40		214.80		24.00	9.60		23.20		
Total	2241.70	2705.60	2128.60	2326.00	3432.30	4763.30	7330.10	7313.50	1069.60	519.70	346.20	662.90	34839.50	
Mean	74.72	87.28	70.95	75.03	110.72	158.78	236.45	243.78	34.50	16.76	12.36	21.38	95.45	
Max	98.00	92.60	97.40	122.00	215.60	234.80	312.80	342.50	80.60	24.00	21.60	45.50	342.50	
Min	43.00	77.60	45.00	43.50	46.50	92.00	122.60	96.20	23.20	9.60	8.10	5.70	5.70	
Runoff	193.68	233.76	183.91	200.97	296.55	411.55	633.32	631.89	92.41	44.90	29.91	57.27	3010.13	
Momentary Peak 345.20 CMS, at 141.98 M (MSL.) at 12.00 hours, on Nov 7, 1984                         
Runoff Yield 3.20 Liters/Second/Square KM,  Momentary Peak Yield 11.59 Liters/Second/Square KM                         


Station : Ban Kum Wat Tai Kosum, Kosum Phisai, Maha Sarakham, (E.1)		16/06/2022
Stream : Chi									Royal Irrigation Department
River : Chi									Thailand
										Hydrology Division
										Rating Curve HC.000Y/1980

						Water Year - 1985	
		Discharge, in Cubic Meter per Second, Water Year  April 1, 1985 to March 31, 1986	

Date	Apr	May	Jun	Jul	Aug	Sep	Oct	Nov	Dec	Jan	Feb	Mar	Annual	
1	24.88	26.20	36.50	49.20	73.20	89.40	182.40	221.80	66.60	13.50	13.90	16.30		
2	25.32	26.20	33.75	51.60	74.40	83.40	177.60	217.60	57.60	12.80	13.90	17.10		
3	25.32	27.16	32.65	51.00	73.20	84.00	173.60	216.00	52.80	12.80	13.50	18.36		
4	24.88	28.12	37.07	45.68	68.40	99.80	176.00	215.20	49.20	12.80	12.80	19.22		
5	24.88	26.20	48.60	43.36	69.00	160.00	176.80	218.40	46.84	12.80	12.10	17.50		
6	24.44	40.49	60.60	43.36	63.60	195.20	182.40	221.80	43.36	13.15	12.10	16.70		
7	21.37	57.00	57.60	45.10	58.80	184.80	186.40	219.20	41.06	13.15	12.80	16.30		
8	20.51	63.00	56.40	43.94	49.80	162.40	188.80	222.70	38.78	12.80	13.90	17.10		
9	19.65	62.40	56.40	44.52	49.20	136.00	189.60	241.60	37.07	12.45	13.90	18.36		
10	18.79	56.40	55.80	46.84	57.00	115.20	192.80	256.90	34.85	12.45	15.10	18.79		
11	19.22	48.60	55.80	52.80	63.00	112.40	192.80	261.40	31.55	12.45	15.50	21.80		
12	19.65	43.94	53.40	62.40	84.00	113.10	191.20	256.90	30.04	12.45	16.30	18.36		
13	28.12	38.21	50.40	73.80	99.80	118.00	192.00	243.40	28.60	12.45	16.70	15.90		
14	29.56	36.50	43.36	78.60	117.30	119.40	194.40	234.40	28.12	12.45	18.36	14.70		
15	24.00	34.30	36.50	81.00	118.70	122.90	200.00	227.20	26.68	12.45	16.30	12.10		
16	21.37	31.55	23.56	79.20	115.20	128.50	203.20	219.20	26.20	13.15	15.10	12.10		
17	21.37	28.60	17.10	69.60	99.10	140.80	208.80	207.20	26.68	12.45	15.10	11.40		
18	22.24	27.16	23.12	66.00	85.80	150.40	210.40	211.20	28.12	12.45	15.10	13.50		
19	24.44	26.20	28.60	64.80	88.20	156.80	212.80	215.20	26.68	12.80	16.70	12.80		
20	23.56	26.68	25.76	68.40	98.40	155.20	205.60	202.40	24.00	14.30	17.93	11.40		
21	22.68	28.12	23.56	73.20	111.00	148.00	192.00	173.60	23.56	15.90	17.50	11.40		
22	20.94	28.12	29.08	79.20	112.40	142.40	188.00	155.20	24.44	12.45	16.70	11.40		
23	21.37	28.60	38.21	86.40	111.70	142.40	201.60	144.00	24.44	12.45	18.36	11.40		
24	24.44	30.52	42.20	94.20	108.20	151.20	207.20	138.40	21.80	13.15	16.30	10.00		
25	22.68	49.20	45.68	85.80	115.90	170.40	216.80	127.10	20.08	14.30	15.10	9.40		
26	25.32	63.60	43.36	80.40	133.60	192.00	226.30	122.20	17.93	14.30	14.30	9.10		
27	27.64	65.40	38.21	73.80	139.20	205.60	224.50	113.80	17.10	13.90	16.30	9.40		
28	28.60	57.60	33.75	79.20	134.40	209.60	220.00	88.80	16.30	14.30	16.30	12.10		
29	28.12	45.68	33.75	74.40	124.30	203.20	219.20	70.80	14.70	14.70		13.15		
30	27.64	41.63	41.06	72.60	111.70	192.00	221.80	73.20	13.50	13.90		13.15		
31		38.21		71.40	99.80		227.20		13.15	13.90		13.15		
Total	713.00	1231.59	1201.83	2031.80	2908.30	4384.50	6182.20	5736.80	951.83	409.35	427.95	443.44	26622.59	
Mean	23.77	39.73	40.06	65.54	93.82	146.15	199.43	191.23	30.70	13.20	15.28	14.30	72.94	
Max	29.56	65.40	60.60	94.20	139.20	209.60	227.20	261.40	66.60	15.90	18.36	21.80	261.40	
Min	18.79	26.20	17.10	43.36	49.20	83.40	173.60	70.80	13.15	12.45	12.10	9.10	9.10	
Runoff	61.60	106.41	103.84	175.55	251.28	378.82	534.14	495.66	82.24	35.37	36.97	38.31	2300.19	
Momentary Peak 263.20 CMS, at 140.58 M (MSL.) at 6.00 hours, on Nov 11, 1985                         
Runoff Yield 2.45 Liters/Second/Square KM,  Momentary Peak Yield 8.84 Liters/Second/Square KM                         


Station : Ban Kum Wat Tai Kosum, Kosum Phisai, Maha Sarakham, (E.1)		16/06/2022
Stream : Chi									Royal Irrigation Department
River : Chi									Thailand
										Hydrology Division
										Rating Curve HC.000Y/1980

						Water Year - 1986	
		Discharge, in Cubic Meter per Second, Water Year  April 1, 1986 to March 31, 1987	

Date	Apr	May	Jun	Jul	Aug	Sep	Oct	Nov	Dec	Jan	Feb	Mar	Annual	
1	14.65	36.00	74.50	41.00	55.85	179.70	63.55	50.35	8.00	7.10	5.30	7.70		
2	15.00	37.00	58.05	38.50	52.00	152.90	55.30	45.95	7.70	5.90	5.30	8.35		
3	14.30	35.55	52.00	37.00	49.80	123.65	48.15	43.20	7.40	8.35	5.30	8.35		
4	13.95	34.20	49.80	39.50	43.20	99.10	41.00	43.20	7.40	8.35	5.60	10.10		
5	13.60	32.40	58.60	42.10	42.10	81.70	40.00	43.75	7.40	8.35	5.30	9.05		
6	13.25	34.20	90.70	42.65	41.55	76.90	37.00	44.85	7.40	5.90	5.00	9.40		
7	12.55	40.50	108.70	45.95	41.00	81.10	38.50	49.25	7.10	6.20	5.00	9.40		
8	12.55	52.55	119.75	46.50	44.85	79.90	42.10	48.70	7.10	6.80	5.30	6.50		
9	12.90	85.30	120.40	36.00	52.55	89.50	48.70	46.50	7.10	5.60	5.30	5.60		
10	12.90	114.10	114.10	24.20	59.70	102.70	45.95	35.10	6.80	5.30	4.75	5.60		
11	12.55	128.20	111.70	21.40	62.45	111.10	35.10	29.70	6.50	5.30	5.00	5.90		
12	12.20	132.10	117.80	18.20	70.30	136.00	32.40	27.90	6.50	5.30	5.00	5.00		
13	13.25	121.70	138.60	15.00	74.50	160.70	35.55	26.20	6.50	5.60	5.90	5.00		
14	11.85	118.45	165.90	13.25	76.30	171.30	35.55	23.00	6.50	6.20	6.50	5.30		
15	12.20	115.30	178.30	12.90	77.50	172.70	37.00	22.20	6.50	6.50	6.20	5.60		
16	13.25	114.10	184.60	14.65	79.90	155.50	41.55	20.20	6.50	5.60	7.10	6.80		
17	15.00	111.70	183.20	17.80	78.10	132.75	38.00	19.80	6.50	4.75	9.05	6.80		
18	15.40	111.70	178.30	18.60	85.30	114.10	36.50	18.60	6.50	4.75	6.50	5.00		
19	14.65	109.90	169.90	17.80	94.90	106.90	41.55	41.55	6.50	5.00	5.60	4.75		
20	14.65	110.50	167.20	21.80	96.10	104.50	38.50	63.55	6.80	7.10	5.60	4.50		
21	14.65	111.10	169.90	25.00	90.10	101.50	33.75	47.05	7.40	5.90	5.90	4.50		
22	14.30	97.90	175.50	24.60	86.50	103.90	30.60	29.25	8.35	5.30	7.70	4.50		
23	20.60	91.30	179.70	41.55	87.10	100.30	30.15	20.60	7.10	5.30	7.10	4.25		
24	30.15	96.10	174.80	54.75	84.10	92.50	36.00	13.25	8.00	5.30	7.10	4.50		
25	32.85	105.10	157.45	63.55	85.90	84.10	42.65	10.80	7.40	5.30	7.10	5.30		
26	33.75	102.10	135.35	69.70	91.30	76.90	56.40	9.75	6.50	5.30	7.10	6.20		
27	33.75	91.90	112.90	68.50	113.50	73.30	57.50	8.70	5.90	5.30	6.80	7.40		
28	31.50	91.30	100.90	67.40	171.30	70.30	57.50	8.70	5.60	5.60	6.80	8.35		
29	30.15	94.90	96.70	67.95	208.40	67.95	52.55	8.70	5.00	5.90		9.05		
30	33.30	96.10	54.20	65.20	211.20	69.10	47.60	8.35	4.75	5.90		9.75		
31		93.10		60.80	198.60		54.20		5.90	5.90		10.45		
Total	545.65	2746.35	3799.50	1173.80	2705.95	3272.55	1330.85	908.70	210.60	184.95	170.20	208.95	17258.05	
Mean	18.19	88.59	126.65	37.86	87.29	109.09	42.93	30.29	6.79	5.97	6.08	6.74	47.28	
Max	33.75	132.10	184.60	69.70	211.20	179.70	63.55	63.55	8.35	8.35	9.05	10.45	211.20	
Min	11.85	32.40	49.80	12.90	41.00	67.95	30.15	8.35	4.75	4.75	4.75	4.25	4.25	
Runoff	47.14	237.28	328.28	101.42	233.79	282.75	114.99	78.51	18.20	15.98	14.71	18.05	1491.10	
Momentary Peak 216.10 CMS, at 140.38 M (MSL.) at 6.00 hours, on Aug 30, 1986                         
Runoff Yield 1.59 Liters/Second/Square KM,  Momentary Peak Yield 7.25 Liters/Second/Square KM                         


Station : Ban Kum Wat Tai Kosum, Kosum Phisai, Maha Sarakham, (E.1)		16/06/2022
Stream : Chi									Royal Irrigation Department
River : Chi									Thailand
										Hydrology Division
										Rating Curve HC.000Y/1980

						Water Year - 1987	
		Discharge, in Cubic Meter per Second, Water Year  April 1, 1987 to March 31, 1988	

Date	Apr	May	Jun	Jul	Aug	Sep	Oct	Nov	Dec	Jan	Feb	Mar	Annual	
1	9.80	13.10	6.80	31.20	16.70	83.25	238.40	249.60	54.50	14.90	17.90	16.40		
2	9.20	12.20	6.20	28.40	19.10	74.96	230.40	231.20	50.00	15.20	15.50	17.30		
3	7.10	11.90	6.50	24.80	23.30	73.19	252.80	209.90	47.00	15.20	16.40	17.60		
4	6.20	11.90	6.50	24.50	22.40	83.25	314.40	190.30	43.00	15.20	15.80	17.30		
5	7.40	11.00	5.90	21.50	16.10	89.77	364.00	166.50	39.20	15.80	22.10	22.70		
6	8.90	9.50	6.80	19.70	13.70	90.95	400.00	143.67	36.00	15.50	29.60	26.40		
7	8.90	9.50	9.20	21.50	14.60	98.06	415.30	124.72	34.80	15.50	30.00	21.50		
8	8.90	11.30	9.50	22.40	12.50	102.80	416.20	110.50	31.60	15.50	26.80	17.90		
9	10.10	12.50	11.30	23.00	11.90	101.02	415.30	101.02	29.20	15.50	24.50	15.80		
10	12.50	11.00	9.80	21.50	11.90	103.39	426.10	95.69	27.60	15.80	24.20	14.60		
11	13.10	12.20	10.70	20.60	15.80	116.42	430.60	93.32	25.40	16.10	24.20	14.00		
12	11.60	12.50	14.30	18.50	23.00	139.52	431.50	83.85	23.60	17.00	23.00	16.70		
13	10.70	13.40	17.30	16.40	24.20	146.04	431.50	69.50	23.30	17.30	21.20	17.30		
14	10.10	14.90	20.90	15.50	18.20	147.22	427.90	60.00	22.40	17.00	20.00	16.40		
15	9.50	18.20	27.20	13.10	15.20	142.49	420.70	58.00	21.50	18.20	19.40	16.10		
16	9.20	22.10	36.80	12.50	15.20	138.93	409.90	57.50	21.20	19.10	19.40	15.80		
17	8.30	23.60	44.50	13.70	21.50	137.75	399.10	56.50	20.60	19.10	20.00	14.90		
18	13.70	23.30	44.00	11.90	48.50	134.79	388.30	59.50	19.40	22.40	17.90	15.80		
19	12.20	18.50	41.20	11.60	111.09	134.79	368.50	64.00	18.50	21.20	16.70	14.60		
20	16.10	15.50	40.00	12.50	127.68	135.38	346.40	79.70	18.20	19.10	15.80	13.70		
21	20.90	12.80	40.00	10.70	123.53	137.75	344.00	87.40	17.90	19.40	14.30	14.30		
22	17.00	21.20	37.60	10.10	109.91	144.85	364.00	85.62	17.00	19.70	14.90	15.20		
23	15.80	24.80	49.50	11.90	98.65	144.85	370.30	82.07	16.70	17.30	14.00	16.10		
24	14.60	27.20	52.50	9.80	102.80	146.63	362.40	74.37	16.10	16.70	12.80	18.50		
25	14.90	19.70	43.00	8.30	124.72	156.00	358.40	69.00	15.50	17.60	13.40	20.30		
26	12.20	17.30	32.80	8.30	151.80	174.90	354.40	66.50	16.10	17.60	14.60	22.10		
27	13.10	10.70	26.80	9.50	174.20	204.30	349.60	78.52	16.10	17.90	14.90	23.60		
28	11.00	7.70	23.90	10.40	181.90	229.60	332.80	78.52	15.50	22.40	15.50	23.60		
29	10.40	7.70	28.40	10.10	169.30	240.80	312.00	66.50	15.20	30.00	16.40	24.20		
30	11.60	6.80	30.00	14.60	135.38	242.40	291.20	58.50	15.20	23.30		23.00		
31		6.80		14.60	103.39		270.40		15.20	20.30		22.10		
Total	345.00	450.80	739.90	503.10	2058.15	4096.05	11236.80	3051.97	783.50	562.80	551.20	565.80	24945.07	
Mean	11.50	14.54	24.66	16.23	66.39	136.53	362.48	101.73	25.27	18.15	19.01	18.25	68.16	
Max	20.90	27.20	52.50	31.20	181.90	242.40	431.50	249.60	54.50	30.00	30.00	26.40	431.50	
Min	6.20	6.80	5.90	8.30	11.90	73.19	230.40	56.50	15.20	14.90	12.80	13.70	5.90	
Runoff	29.81	38.95	63.93	43.47	177.82	353.90	970.86	263.69	67.69	48.63	47.62	48.89	2155.25	
Momentary Peak 431.50 CMS, at 143.25 M (MSL.) at 24.00 hours, on Oct 11, 1987                         
Runoff Yield 2.29 Liters/Second/Square KM,  Momentary Peak Yield 14.49 Liters/Second/Square KM                         


Station : Ban Kum Wat Tai Kosum, Kosum Phisai, Maha Sarakham, (E.1)		16/06/2022
Stream : Chi									Royal Irrigation Department
River : Chi									Thailand
										Hydrology Division
										Rating Curve HC.000Y/1980

						Water Year - 1988	
		Discharge, in Cubic Meter per Second, Water Year  April 1, 1988 to March 31, 1989	

Date	Apr	May	Jun	Jul	Aug	Sep	Oct	Nov	Dec	Jan	Feb	Mar	Annual	
1	30.96	34.80	130.36	97.04	149.60	74.96	106.19	467.92	127.72	41.04	37.92	25.05		
2	31.44	39.48	137.69	99.48	155.03	74.40	103.75	443.96	126.40	34.80	34.80	25.95		
3	31.44	46.24	179.10	100.70	176.14	75.52	103.14	410.01	123.10	32.88	30.48	30.96		
4	30.96	54.04	204.45	100.70	182.06	74.40	101.31	379.07	117.82	31.44	29.55	26.40		
5	33.36	57.68	217.36	100.09	183.54	74.96	100.09	352.03	116.50	30.48	29.55	22.80		
6	35.84	63.92	224.20	95.82	182.80	76.64	101.92	334.29	117.82	28.20	29.55	22.35		
7	35.84	70.48	220.40	80.56	179.10	80.00	103.14	317.02	117.82	24.15	29.10	28.20		
8	34.32	77.76	199.95	73.28	173.92	83.96	103.75	316.16	106.19	25.95	28.65	26.85		
9	36.36	80.00	179.84	68.24	166.54	82.80	110.00	338.68	96.43	30.96	27.75	27.30		
10	34.80	70.48	163.62	62.36	157.46	78.32	117.82	345.80	85.70	33.84	28.65	25.95		
11	31.44	60.28	152.60	58.72	139.70	72.72	124.42	344.91	78.32	33.84	28.65	29.55		
12	30.96	54.56	151.40	65.48	98.87	64.96	137.69	344.02	77.20	29.55	28.65	29.55		
13	29.55	56.12	150.80	70.48	70.48	62.36	153.41	336.90	77.76	28.65	27.75	24.15		
14	29.55	83.96	152.00	70.48	57.68	68.80	169.48	322.18	79.44	28.20	27.30	28.20		
15	33.84	117.82	165.81	68.80	55.08	84.54	200.70	304.12	80.00	26.85	27.75	25.50		
16	34.32	132.34	199.20	63.92	53.00	98.26	212.80	282.04	76.64	25.95	28.65	23.70		
17	38.96	126.40	237.60	66.00	53.52	113.86	228.80	256.92	71.60	24.60	28.20	25.05		
18	35.84	107.44	250.40	74.96	50.92	120.46	261.88	232.80	67.68	23.25	26.40	30.00		
19	36.36	92.80	250.40	82.24	45.20	126.40	307.56	212.80	64.96	26.85	23.25	33.36		
20	38.44	89.20	246.40	89.20	45.72	135.68	336.03	192.45	50.40	30.00	23.70	39.48		
21	37.92	91.00	240.00	94.00	45.72	126.40	344.91	177.62	34.32	31.44	25.05	54.04		
22	32.40	98.87	230.40	106.80	49.36	111.28	370.90	166.54	44.68	34.80	25.50	51.96		
23	29.55	101.92	217.36	117.16	46.76	106.80	379.07	158.27	56.12	36.36	25.95	61.32		
24	25.95	103.14	202.20	116.50	48.84	108.08	374.52	152.00	57.68	37.92	26.85	59.76		
25	23.70	109.36	185.02	127.06	51.44	108.72	363.70	162.89	57.16	40.52	25.50	53.52		
26	24.15	119.14	171.70	133.00	54.04	106.80	348.47	163.62	54.56	42.60	25.50	48.32		
27	24.15	129.70	159.08	131.68	58.72	103.75	332.55	152.60	51.96	41.04	27.75	40.00		
28	27.30	133.67	146.60	136.35	65.48	103.14	337.79	144.53	50.40	41.04	29.10	37.92		
29	30.96	135.68	120.46	142.46	74.40	103.75	380.89	137.02	47.80	39.48		42.08		
30	31.92	137.02	102.53	147.20	76.64	106.80	430.16	131.68	44.68	35.32		39.48		
31		135.68		150.20	74.40		465.13		46.24	34.80		44.68		
Total	962.58	2810.98	5588.93	2990.96	3022.16	2809.52	7311.97	8080.85	2405.10	1006.80	787.50	1083.43	38860.78	
Mean	32.09	90.68	186.30	96.48	97.49	93.65	235.87	269.36	77.58	32.48	28.13	34.95	106.47	
Max	38.96	137.02	250.40	150.20	183.54	135.68	465.13	467.92	127.72	42.60	37.92	61.32	467.92	
Min	23.70	34.80	102.53	58.72	45.20	62.36	100.09	131.68	34.32	23.25	23.25	22.35	22.35	
Runoff	83.17	242.87	482.88	258.42	261.11	242.74	631.75	698.19	207.80	86.99	68.04	93.61	3357.57	
Momentary Peak 472.57 CMS, at 143.19 M (MSL.) at 5.00 hours, on Nov 1, 1988                         
Runoff Yield 3.57 Liters/Second/Square KM,  Momentary Peak Yield 15.86 Liters/Second/Square KM                         


Station : Ban Kum Wat Tai Kosum, Kosum Phisai, Maha Sarakham, (E.1)		16/06/2022
Stream : Chi									Royal Irrigation Department
River : Chi									Thailand
										Hydrology Division
										Rating Curve HC.000Y/1980

						Water Year - 1989	
		Discharge, in Cubic Meter per Second, Water Year  April 1, 1989 to March 31, 1990	

Date	Apr	May	Jun	Jul	Aug	Sep	Oct	Nov	Dec	Jan	Feb	Mar	Annual	
1	38.35	35.00	36.60	95.10	97.05	114.40	111.60		45.10	23.15	20.64	34.60		
2	43.75	45.55	39.25	89.25	99.70	116.50	107.40		43.30	24.26	20.64	36.20		
3	48.50	57.80	52.50	87.30	95.75	108.80	102.50		41.95	23.89	16.80	32.20		
4	49.00	66.20	72.20	91.20	95.10	107.40	108.10		40.15	22.04	17.40	26.60		
5	42.40	62.60	75.80	99.00	97.05	99.70	125.60		39.70	18.66	17.10	25.80		
6	37.00	57.80	73.40	102.50	84.80	95.75	153.25		39.25	16.20	17.70	32.60		
7	31.40	42.40	81.20	106.00	65.60	91.85	160.00		38.80	15.30	18.33	31.00		
8	29.00	28.20	90.55	107.40	55.00	91.85	157.75		38.80	15.90	19.32	26.60		
9	33.40	44.20	89.25	104.60	48.50	110.20	154.00		41.50	15.90	18.99	30.20		
10	58.40	49.50	93.15	104.60	65.60	141.00	154.75	122.80	47.50	15.60	18.33	30.20		
11	66.20	41.95	99.00	102.50	93.80	155.50	147.30	120.70	43.75	16.50	17.10	27.40		
12	54.00	45.55	101.80	99.00	106.70	178.20	141.00	116.50	40.60	16.20	15.90	26.60		
13	38.80	49.00	104.60	111.60	112.30	166.20	145.90	110.90	39.70	19.32	16.80	27.40		
14	31.40	51.00	110.20	131.20	114.40	154.75	170.20	108.10	39.25	18.99	15.90	36.20		
15	24.63	51.50	115.80	135.40	127.00	141.70	165.40	101.10	38.80	17.10	15.00	46.00		
16	20.97	55.50	113.00	129.10	157.75	127.00	341.00	93.80	37.90	19.32	16.80	50.50		
17	25.40	54.00	102.50	125.60	156.25	113.00	397.95	87.95	35.00	18.33	37.00	50.00		
18	25.80	55.50	93.15	122.80	148.75	97.05	413.70	83.00	32.60	16.80	41.05	42.85		
19	19.98	54.50	89.90	113.00	141.70	86.00	403.20	75.80	29.80	17.40	37.00	39.70		
20	21.30	52.50	88.60	108.80	120.00	80.60	376.00	71.00	24.63	19.65	34.20	34.60		
21	17.70	50.50	92.50	103.20	99.00	80.00	344.00	65.60	21.30	21.30	31.40	32.60		
22	17.70	51.50	113.70	100.40	91.20	77.60	309.45	61.40	19.32	20.97	27.00	36.60		
23	18.66	52.00	124.90	106.70	83.60	79.40	276.20	59.00	17.10	18.33	24.63	38.35		
24	19.32	53.50	122.80	108.10	91.20	85.40	248.60	56.60	16.20	17.40	25.00	37.90		
25	17.10	55.50	115.80	121.40	90.55	98.35	246.90	55.00	15.90	18.00	24.63	36.60		
26	15.90	59.00	112.30	130.50	90.55	108.10	250.30	52.50	15.90	20.31	26.20	33.80		
27	21.67	56.00	111.60	131.20	78.80	110.20		51.00	17.10	20.64	30.20	31.80		
28	27.80	56.00	115.80	127.00	69.80	110.90		52.50	24.26	21.30	32.60	30.60		
29	27.00	50.50	117.20	119.30	86.65	111.60		50.50	19.98	21.30		27.80		
30	27.80	42.40	108.10	109.50	96.40	109.50		46.50	20.97	19.98		23.89		
31		41.05		99.70	112.30				22.04	19.32		22.04		
Total	950.33	1568.20	2857.15	3422.95	3072.85	3348.50	5712.05	1642.25	988.15	589.36	653.66	1039.23	25844.68	
Mean	31.68	50.59	95.24	110.42	99.12	111.62	219.69	78.20	31.88	19.01	23.35	33.52	73.63	
Max	66.20	66.20	124.90	135.40	157.75	178.20	413.70	122.80	47.50	24.26	41.05	50.50	413.70	
Min	15.90	28.20	36.60	87.30	48.50	77.60	102.50	46.50	15.90	15.30	15.00	22.04	15.00	
Runoff	82.11	135.49	246.86	295.74	265.49	289.31	493.52	141.89	85.38	50.92	56.48	89.79	2232.98	
Momentary Peak 413.70 CMS, at 142.34 M (MSL.) at 24.00 hours, on Oct 18, 1989                         
Runoff Yield 2.38 Liters/Second/Square KM,  Momentary Peak Yield 13.89 Liters/Second/Square KM                         


Station : Ban Kum Wat Tai Kosum, Kosum Phisai, Maha Sarakham, (E.1)		16/06/2022
Stream : Chi									Royal Irrigation Department
River : Chi									Thailand
										Hydrology Division
										Rating Curve HC.000Y/1980

						Water Year - 1990	
		Discharge, in Cubic Meter per Second, Water Year  April 1, 1990 to March 31, 1991	

Date	Apr	May	Jun	Jul	Aug	Sep	Oct	Nov	Dec	Jan	Feb	Mar	Annual	
1	20.95	28.80	63.00	115.20	110.40	99.60	311.60	576.00	93.60	41.25	54.00	27.20		
2	26.40	29.20	59.00	110.40	107.40	109.80	384.50	589.26	90.00	38.55	55.50	39.45		
3	26.80	29.20	58.50	109.80	101.40	126.20	396.52	599.46	84.50	25.60	55.00	54.50		
4	26.00	26.80	59.50	108.00	96.60	140.08	348.50	603.54	77.90	30.45	46.20	51.50		
5	28.80	28.00	60.00	108.00	97.20	142.80	321.50	606.60	82.85	43.05	32.25	45.75		
6	29.60	33.60	65.00	111.60	99.00	143.48	320.60	606.60	85.60	48.00	29.20	40.35		
7	30.45	30.00	67.50	125.58	107.40	130.68	302.05	603.54	76.80	42.15	30.90	39.90		
8	32.25	30.00	74.05	136.68	118.20	120.62	306.30	597.42	68.55	34.50	38.55	36.30		
9	34.05	26.80	88.90	139.40	124.34	128.12	335.00	589.26	65.00	31.35	45.75	34.05		
10	33.15	26.40	119.40	138.72	123.72	147.56	380.00	587.22	70.75	35.40	43.50	33.15		
11	29.20	24.80	151.64	140.76	117.00	143.48	444.48	585.18	75.70	39.00	39.45	34.95		
12	31.80	24.80	157.14	136.00	109.80	138.04	490.85	582.12	70.75	39.00	32.70	34.05		
13	36.75	25.60	168.20	136.68	110.40	136.68	515.89	578.04	82.30	45.75	31.80	30.00		
14	28.00	24.80	181.00	129.40	121.86	128.12	524.91	571.99	92.40	50.00	34.50	36.75		
15	26.80	22.80	183.96	120.62	123.10	124.96	539.94	562.98	100.80	50.00	32.70	60.00		
16	31.80	25.60	176.68	121.24	108.00	127.48	553.96	548.95	103.80	51.50	34.50	74.60		
17	30.90	28.00	161.28	128.76	83.95	157.14	552.96	539.94	102.00	52.50	31.80	65.50		
18	26.00	37.65	140.08	138.72	72.40	213.72	545.95	535.93	96.60	49.50	30.90	53.00		
19	27.20	34.95	112.20	151.64	65.00	286.90	542.94	523.91	90.00	49.00	29.20	47.55		
20	26.00	38.10	109.80	150.96	59.00	344.00	543.94	504.87	93.60	51.50	28.40	44.85		
21	26.00	45.75	119.40	145.52	54.00	367.40	545.95	480.83	87.25	49.50	35.40	43.50		
22	26.80	47.55	125.58	140.08	53.50	351.20	550.96	453.12	83.40	48.50	35.85	43.05		
23	28.80	40.35	127.48	138.04	44.40	313.40	562.98	421.44	90.00	50.50	30.90	39.90		
24	26.80	39.90	128.12	139.40	37.20	264.40	575.00	392.76	91.20	50.50	24.80	32.25		
25	22.40	39.00	130.04	144.84	38.55	219.18	585.18	362.00	83.40	54.50	27.20	31.35		
26	20.60	43.95	130.04	140.08	59.50	185.44	590.28	314.30	75.15	61.00	28.40	31.80		
27	26.00	54.00	126.20	130.04	62.00	174.52	584.16	238.80	64.50	60.50	28.40	30.45		
28	24.40	46.65	124.34	116.40	56.00	178.84	569.99	201.72	55.00	60.00	28.00	27.20		
29	24.40	42.60	123.72	102.00	54.00	189.14	559.97	144.16	59.50	58.00		26.00		
30	26.40	45.75	120.62	95.40	69.10	237.20	560.97	105.60	40.80	55.00		25.20		
31		55.50		97.80	90.00		565.98		39.90	56.50		28.80		
Total	835.50	1076.90	3512.37	3947.76	2674.42	5570.18	14913.81	14607.54	2473.60	1452.55	995.75	1242.90	53303.28	
Mean	27.85	34.74	117.08	127.35	86.27	185.67	481.09	486.92	79.79	46.86	35.56	40.09	146.04	
Max	36.75	55.50	183.96	151.64	124.34	367.40	590.28	606.60	103.80	61.00	55.50	74.60	606.60	
Min	20.60	22.80	58.50	95.40	37.20	99.60	302.05	105.60	39.90	25.60	24.80	25.20	20.60	
Runoff	72.19	93.04	303.47	341.09	231.07	481.26	1288.55	1262.09	213.72	125.50	86.03	107.39	4605.40	
Momentary Peak 607.62 CMS, at 144.71 M (MSL.) at 12.00 hours, on Nov 6, 1990                         
Runoff Yield 4.90 Liters/Second/Square KM,  Momentary Peak Yield 20.40 Liters/Second/Square KM                         


Station : Ban Kum Wat Tai Kosum, Kosum Phisai, Maha Sarakham, (E.1)		16/06/2022
Stream : Chi									Royal Irrigation Department
River : Chi									Thailand
										Hydrology Division
										Rating Curve HC.000Y/1980

						Water Year - 1991	
		Discharge, in Cubic Meter per Second, Water Year  April 1, 1991 to March 31, 1992	

Date	Apr	May	Jun	Jul	Aug	Sep	Oct	Nov	Dec	Jan	Feb	Mar	Annual	
1	30.35	36.65	71.00	35.60	46.60	435.00	658.20	508.60	84.50	49.00	49.90	30.35		
2	33.50	33.15	61.50	32.45	50.80	471.20	685.20	474.50	81.50	50.80	51.25	32.10		
3	34.55	32.10	57.10	34.20	49.45	488.80	710.85	444.00	82.50	53.05	47.80	35.60		
4	34.90	32.10	63.00	45.40	46.60	492.10	739.80	412.00	88.00	54.40	45.40	35.95		
5	33.50	37.00	71.00	63.00	45.00	484.40	762.20	376.36	94.00	58.50	46.20	36.30		
6	34.20	44.60	71.00	76.00	47.00	466.90	785.50	342.04	94.50	64.50	45.80	33.15		
7	35.60	45.80	62.50	76.00	52.60	456.40	802.00	311.00	94.00	70.50	44.20	25.10		
8	36.65	45.40	61.00	66.00	63.00	450.10	818.50	283.00	92.00	75.00	43.40	11.30		
9	38.60	51.70	60.50	59.50	73.50	455.35	833.50	255.00	90.00	71.00	36.30	11.60		
10	39.40	57.55	62.00	51.70	75.00	473.40	844.00	228.90	88.50	64.00	34.20	16.10		
11	39.00	53.50	66.50	54.40	74.50	492.10	847.00	208.55	85.00	59.00	35.60	9.80		
12	33.85	54.85	75.50	52.60	74.00	507.50	841.00	183.20	84.00	56.65	41.40	13.70		
13	32.10	57.55	84.50	54.85	78.00	513.00	829.00	161.75	82.50	57.10	33.15	15.20		
14	27.55	61.00	91.50	55.30	77.50	515.20	815.50	150.70	83.50	57.55	32.45	13.70		
15	28.60	66.50	94.00	49.90	76.50	520.70	803.50	143.10	80.00	56.65	31.75	12.20		
16	32.45	71.50	91.50	52.60	77.50	530.60	787.00	134.70	83.00	53.50	19.10	15.50		
17	28.95	74.50	86.00	64.50	79.50	539.40	769.35	126.50	83.50	49.45	34.20	14.00		
18	26.50	72.00	74.50	77.00	103.00	539.40	749.60	119.50	76.00	49.00	32.80	14.00		
19	30.00	70.50	67.50	83.50	226.10	530.60	730.00	115.00	68.50	47.80	29.65	12.50		
20	32.80	69.50	69.50	79.00	412.00	525.10	714.90	113.50	61.50	46.60	26.50	18.50		
21	33.85	77.00	70.50	83.50	514.10	520.70	698.70	111.00	54.85	48.20	25.10	101.00		
22	33.50	76.00	68.00	82.00	537.20	522.90	685.20	107.50	51.70	49.00	29.65	111.50		
23	35.60	64.50	63.50	70.00	528.40	526.20	670.35	104.50	49.45	49.45	25.45	38.60		
24	36.30	58.50	58.00	58.00	486.60	529.50	658.20	101.50	45.80	47.80	26.85	74.50		
25	37.00	53.95	55.30	59.00	431.00	533.90	647.40	99.50	41.80	47.00	25.10	59.50		
26	38.60	51.70	49.00	61.00	377.24	541.60	629.85	98.50	41.00	50.35	24.75	58.00		
27	38.60	54.85	40.60	61.50	327.80	555.90	615.00	96.00	48.60	48.60	24.75	56.20		
28	39.40	61.50	34.90	59.00	302.20	575.70	600.80	93.50	45.00	48.20	25.80	59.50		
29	43.80	67.00	32.80	50.80	306.20	597.20	585.60	90.50	45.80	46.20	26.85	52.15		
30	43.00	65.50	35.25	41.40	330.20	627.15	565.80	89.00	48.20	45.00		24.75		
31		74.00		43.80	380.90		535.00		49.00	46.20		15.20		
Total	1042.70	1771.95	1949.45	1833.50	6349.99	15418.00	22418.50	6083.40	2198.20	1670.05	995.35	1057.55	62788.64	
Mean	34.76	57.16	64.98	59.15	204.84	513.93	723.18	202.78	70.91	53.87	34.32	34.11	171.55	
Max	43.80	77.00	94.00	83.50	537.20	627.15	847.00	508.60	94.50	75.00	51.25	111.50	847.00	
Min	26.50	32.10	32.80	32.45	45.00	435.00	535.00	89.00	41.00	45.00	19.10	9.80	9.80	
Runoff	90.09	153.10	168.43	158.41	548.64	1332.12	1936.96	525.61	189.92	144.29	86.00	91.37	5424.94	
Momentary Peak 847.00 CMS, at 146.75 M (MSL.) at 6.00 hours, on Oct 11, 1991                         
Runoff Yield 5.77 Liters/Second/Square KM,  Momentary Peak Yield 28.43 Liters/Second/Square KM                         


Station : Ban Kum Wat Tai Kosum, Kosum Phisai, Maha Sarakham, (E.1)		16/06/2022
Stream : Chi									Royal Irrigation Department
River : Chi									Thailand
										Hydrology Division
										Rating Curve HC.000Y/1980

						Water Year - 1992	
		Discharge, in Cubic Meter per Second, Water Year  April 1, 1992 to March 31, 1993	

Date	Apr	May	Jun	Jul	Aug	Sep	Oct	Nov	Dec	Jan	Feb	Mar	Annual	
1	42.80	31.10	78.80	60.50	121.60	153.65	196.20	109.00	9.00	12.20	14.30	12.50		
2	26.70	33.80	60.50	60.00	130.90	164.05	179.65	92.00	8.75	10.40	13.10	13.40		
3	23.10	38.30	78.25	60.50	134.80	195.50	184.20	79.35	7.00	9.50	11.00	20.30		
4	21.50	34.25	114.40	62.00	136.10	221.75	195.50	79.90	7.00	13.10	12.80	12.20		
5	23.90	36.95	119.80	58.00	142.60	229.25	196.20	70.00	19.90	10.40	11.30	21.90		
6	25.10	39.65	115.60	46.40	153.00	231.50	188.10	69.00	15.90	6.00	11.90	18.70		
7	21.10	39.20	95.30	36.95	174.45	221.75	171.20	67.50	17.10	11.30	11.00	17.10		
8	27.10	41.90	66.00	43.70	182.25	198.30	168.60	70.00	14.00	11.30	12.50	17.50		
9	27.10	49.55	46.85	60.00	177.05	189.40	165.35	71.65	16.70	7.00	9.50	11.90		
10	41.45	65.00	55.50	67.00	171.85	196.90	162.10	65.00	14.60	10.70	11.60	21.50		
11	37.40	74.95	82.65	74.95	161.45	201.10	161.45	56.50	14.00	11.60	12.50	26.30		
12	35.15	80.45	94.20	74.95	160.15	194.80	158.85	53.00	12.80	11.30	16.70	26.70		
13	26.30	71.65	96.40	76.05	160.80	186.15	158.85	46.40	13.40	11.30	16.70	25.10		
14	30.65	66.50	94.20	64.00	141.30	186.15	157.55	41.45	12.50	11.90	19.10	22.30		
15	29.30	68.00	83.20	74.40	123.40	167.30	158.85	38.30	12.20	10.10	14.30	18.30		
16	24.70	66.00	71.10	78.80	140.65	154.30	160.80	34.70	11.00	11.00	15.20	18.70		
17	14.90	66.00	73.85	72.75	155.60	165.35	152.35	31.10	11.00	11.60	12.50	21.10		
18	18.30	59.50	91.45	87.05	152.35	192.70	152.35	30.65	13.40	12.50	21.90	19.90		
19	22.70	58.00	99.70	90.90	166.00	212.75	154.30	30.20	10.70	11.00	20.30	18.70		
20	19.10	56.00	112.60	80.45	192.00	239.00	149.10	29.30	10.10	13.70	14.90	11.90		
21	23.10	55.00	130.90	61.00	212.00	262.70	147.80	19.50	14.00	11.60	16.70	17.90		
22	21.50	53.50	136.10	61.50	213.50	248.30	149.75	15.20	9.80	12.50	15.20	22.70		
23	24.70	52.50	115.00	53.50	203.90	213.50	152.35	11.30	14.90	19.10	16.70	19.10		
24	30.20	62.00	109.00	55.00	188.75	221.00	155.60	11.60	14.90	18.70	16.70	21.10		
25	33.35	57.00	112.00	49.10	172.50	239.75	151.05	10.70	22.30	15.20	19.10	21.50		
26	36.50	44.60	110.20	50.00	162.10	233.75	143.90	10.40	22.70	20.30	11.90	21.10		
27	35.15	62.00	89.25	66.50	169.25	234.50	134.80	11.90	20.70	19.90	14.30	15.90		
28	35.15	98.60	92.55	89.80	177.05	230.75	122.80	9.25	20.30	20.30	14.90	14.00		
29	33.80	86.50	82.10	94.20	177.70	215.00	110.20	9.80	16.30	18.70		15.20		
30	31.55	84.85	63.50	95.30	179.65	213.50	108.40	8.25	17.90	15.50		22.30		
31		83.20		105.40	171.85		113.20		19.10	13.70		23.50		
Total	843.35	1816.50	2770.95	2110.65	5106.55	6214.40	4861.40	1282.90	443.95	403.40	408.60	590.30	26852.95	
Mean	28.11	58.60	92.36	68.09	164.73	207.15	156.82	42.76	14.32	13.01	14.59	19.04	73.57	
Max	42.80	98.60	136.10	105.40	213.50	262.70	196.20	109.00	22.70	20.30	21.90	26.70	262.70	
Min	14.90	31.10	46.85	36.95	121.60	153.65	108.40	8.25	7.00	6.00	9.50	11.90	6.00	
Runoff	72.87	156.95	239.41	182.36	441.21	536.92	420.02	110.84	38.36	34.85	35.30	51.00	2320.09	
Momentary Peak 263.50 CMS, at 141.15 M (MSL.) at 18.00 hours, on Sep 21, 1992                         
Runoff Yield 2.47 Liters/Second/Square KM,  Momentary Peak Yield 8.85 Liters/Second/Square KM                         


Station : Ban Kum Wat Tai Kosum, Kosum Phisai, Maha Sarakham, (E.1)		16/06/2022
Stream : Chi									Royal Irrigation Department
River : Chi									Thailand
										Hydrology Division
										Rating Curve HC.000Y/1980

						Water Year - 1993	
		Discharge, in Cubic Meter per Second, Water Year  April 1, 1993 to March 31, 1994	

Date	Apr	May	Jun	Jul	Aug	Sep	Oct	Nov	Dec	Jan	Feb	Mar	Annual	
1	29.73	18.68	61.06	11.60	25.07	12.65	145.10	19.52	5.28	1.30	1.04	0.00		
2	26.91	17.84	54.30	10.90	18.68	25.97	143.70	14.20	4.16	0.91	0.65	0.39		
3	25.07	15.40	45.50	10.55	18.26	32.70	137.40	18.68	3.88	0.91	0.91	1.17		
4	22.06	12.65	37.70	11.60	18.68	41.26	134.60	11.95	4.44	0.91	1.04	0.65		
5	19.10	11.95	40.20	15.80	11.95	52.65	121.30	10.90	3.60	1.04	1.17	0.26		
6	27.38	9.19	41.26	22.06	9.19	67.42	62.20	10.55	3.60	1.17	0.78	0.26		
7	21.63	6.12	40.73	17.42	9.19	82.80	52.65	7.33	3.60	1.17	0.52	0.13		
8	26.91	5.56	39.20	19.10	5.56	95.40	81.40	5.84	3.88	1.17	0.52	0.00		
9	20.78	9.19	40.73	15.80	4.72	112.20	112.90	5.28	3.88	0.91	0.65	0.00		
10	19.52	9.19	30.20	19.94	4.72	123.40	111.50	5.28	3.88	0.52	0.52	0.00		
11	19.52	6.40	26.91	24.64	4.72	135.30	109.40	6.40	4.16	0.00	1.17	0.39		
12	27.38	7.33	25.07	22.06	5.28	150.80	98.20	7.33	4.44	0.13	3.60	0.39		
13	28.32	7.33	17.42	28.79	6.12	144.40	91.90	6.12	4.44	0.13	1.53	0.26		
14	27.38	5.28	16.20	26.44	12.30	127.60	81.40	6.71	4.44	0.13	2.45	0.13		
15	37.70	9.50	9.85	24.64	9.50	101.70	71.00	6.71	4.16	0.65	1.04	0.26		
16	35.20	8.57	13.80	18.68	6.71	99.60	59.92	7.02	4.72	1.04	0.52	0.26		
17	29.26	14.60	13.80	17.00	12.30	101.70	49.35	6.40	4.16	1.04	1.17	0.00		
18	34.70	13.40	17.84	17.00	15.00	103.10	43.38	10.20	4.16	1.04	0.39	0.00		
19	25.97	12.65	21.20	18.26	6.12	111.50	38.70	4.72	3.88	0.00	0.00	0.00		
20	25.07	10.90	14.20	20.36	8.57	117.10	41.79	4.72	3.14	0.00	0.91	0.52		
21	26.44	10.20	15.40	16.20	10.55	147.20	44.97	4.72	3.37	1.17	1.04	0.26		
22	29.26	55.40	6.40	15.40	8.88	194.00	44.97	4.72	3.37	1.17	1.04	0.00		
23	33.20	54.30	7.64	15.00	7.33	225.70	36.70	4.72	3.60	1.17	0.91	0.00		
24	20.78	47.15	9.50	16.20	15.80	230.20	43.38	6.12	3.60	0.78	0.52	0.00		
25	19.94	37.20	9.50	15.40	16.60	228.40	38.70	6.12	3.37	0.78	0.00	0.39		
26	17.42	22.06	10.20	15.80	25.07	244.60	33.20	5.84	3.37	0.78	1.30	0.26		
27	14.20	11.60	9.19	12.65	19.52	253.60	32.20	5.28	3.37	0.78	0.52	0.39		
28	18.68	22.06	14.20	11.25	16.20	260.80	28.32	4.72	3.37	0.65	0.13	0.52		
29	14.60	53.20	13.00	23.35	8.88	191.60	30.70	4.72	3.37	0.65		0.13		
30	15.40	53.20	11.25	32.20	13.00	158.80	26.44	5.84	3.37	0.65		0.26		
31		61.06		25.97	14.60		16.60		3.37	1.53		0.13		
Total	739.51	639.16	713.45	572.06	369.07	3974.15	2163.97	228.66	119.43	24.28	26.04	7.41	9577.19	
Mean	24.65	20.62	23.78	18.45	11.91	132.47	69.81	7.62	3.85	0.78	0.93	0.24	26.24	
Max	37.70	61.06	61.06	32.20	25.07	260.80	145.10	19.52	5.28	1.53	3.60	1.17	260.80	
Min	14.20	5.28	6.40	10.55	4.72	12.65	16.60	4.72	3.14	0.00	0.00	0.00	0.00	
Runoff	63.89	55.22	61.64	49.43	31.89	343.37	186.97	19.76	10.32	2.10	2.25	0.64	827.47	
Momentary Peak 277.90 CMS, at 140.71 M (MSL.) at 6.00 hours, on Sep 28, 1993                         
Runoff Yield 0.88 Liters/Second/Square KM,  Momentary Peak Yield 9.33 Liters/Second/Square KM                         


Station : Ban Kum Wat Tai Kosum, Kosum Phisai, Maha Sarakham, (E.1)		16/06/2022
Stream : Chi									Royal Irrigation Department
River : Chi									Thailand
										Hydrology Division
										Rating Curve HC.000Y/1980

						Water Year - 1994	
		Discharge, in Cubic Meter per Second, Water Year  April 1, 1994 to March 31, 1995	

Date	Apr	May	Jun	Jul	Aug	Sep	Oct	Nov	Dec	Jan	Feb	Mar	Annual	
1	0.45	1.30	19.60	31.50	51.40	100.60	408.82	52.60	5.90	2.90	2.50	1.80		
2	0.40	1.00	23.50	36.50	51.40	109.00	376.80	50.80	6.10	2.90	2.40	1.90		
3	0.40	1.00	22.00	65.80	39.50	113.80	335.25	50.80	7.50	3.10	2.40	1.30		
4	0.35	1.00	20.50	70.60	39.50	120.40	295.50	42.40	11.70	2.90	2.40	1.50		
5	0.25	0.90	29.00	85.00	29.00	125.20	280.10	41.20	9.30	3.10	2.40	1.40		
6	0.25	1.40	37.50	89.80	29.00	129.40	271.00	41.80	11.10	2.90	2.30	1.80		
7	0.35	1.60	37.00	96.40	23.50	129.40	260.50	36.00	8.50	3.10	2.20	1.80		
8	0.40	1.70	63.40	102.40	26.00	130.60	249.30	36.00	5.10	3.10	2.10	1.70		
9	0.45	1.60	67.00	103.60	29.00	138.40	242.30	29.00	8.00	3.10	1.60	2.00		
10	0.50	1.60	66.40	111.40	35.00	147.40	233.20	29.50	8.25	2.70	1.70	2.90		
11	0.45	1.60	68.20	107.80	40.60	161.00	221.30	27.00	16.00	2.50	2.10	1.80		
12	0.45	1.60	70.00	110.80	47.80	172.70	215.00	30.00	17.60	2.90	2.90	1.70		
13	0.40	1.50	64.60	109.60	55.60	176.60	210.80	26.50	17.20	2.90	2.90	2.10		
14	0.40	1.50	54.40	107.20	59.20	186.35	205.90	22.50	5.70	2.90	3.10	2.20		
15	0.40	2.40	45.40	108.40	61.00	213.60	196.80	20.50	8.75	2.90	2.70	1.80		
16	0.40	2.50	36.00	109.60	62.80	216.40	185.05	15.60	3.90	3.30	2.30	1.10		
17	0.35	2.40	29.50	107.20	69.40	246.50	186.35	18.80	8.75	3.30	2.40	0.50		
18	0.35	2.90	26.50	107.20	73.00	300.75	166.20	14.40	5.70	2.90	2.50	0.90		
19	0.45	2.90	22.50	105.40	82.60	371.20	152.55	16.00	8.00	2.30	2.30	1.60		
20	0.45	3.10	21.00	106.00	82.60	423.58	140.20	12.40	4.70	2.30	2.10	1.90		
21	0.40	2.70	22.00	101.80	83.80	442.44	125.80	16.80	3.50	2.50	2.90	1.70		
22	0.30	3.10	24.50	100.00	86.20	441.62	121.00	10.20	3.10	2.50	2.70	1.80		
23	0.35	2.90	31.00	99.40	85.00	418.66	116.20	11.70	3.30	2.50	2.30	1.50		
24	1.00	3.50	21.50	95.80	91.60	384.80	107.20	12.00	3.30	2.50	2.30	1.50		
25	1.50	3.70	17.60	92.80	89.20	331.50	95.20	17.20	3.50	3.30	2.40	2.30		
26	1.40	3.50	12.80	88.00	90.40	309.00	92.20	12.00	3.50	3.70	13.60	1.80		
27	1.60	38.00	21.50	82.60	89.80	299.25	89.20	7.00	3.50	4.50	7.75	1.40		
28	1.40	53.80	10.50	75.40	88.60	332.25	80.20	8.00	3.10	4.90	4.70	1.10		
29	1.50	57.40	13.20	73.00	89.20	380.00	72.40	8.00	3.10	5.30		0.90		
30	1.60	49.60	31.50	64.60	91.00	407.20	57.40	6.75	2.90	4.70		7.25		
31		34.00		58.60	98.20		56.20		2.90	3.90		5.90		
Total	18.95	287.70	1030.10	2804.20	1970.90	7459.60	5845.92	723.45	213.45	98.30	85.95	60.85	20599.37	
Mean	0.63	9.28	34.34	90.46	63.58	248.65	188.58	24.12	6.89	3.17	3.07	1.96	56.44	
Max	1.60	57.40	70.00	111.40	98.20	442.44	408.82	52.60	17.60	5.30	13.60	7.25	442.44	
Min	0.25	0.90	10.50	31.50	23.50	100.60	56.20	6.75	2.90	2.30	1.60	0.50	0.25	
Runoff	1.64	24.86	89.00	242.28	170.29	644.51	505.09	62.51	18.44	8.49	7.43	5.26	1779.79	
Momentary Peak 449.00 CMS, at 143.50 M (MSL.) at 6.00 hours, on Sep 22, 1994                         
Runoff Yield 1.89 Liters/Second/Square KM,  Momentary Peak Yield 15.07 Liters/Second/Square KM                         


Station : Ban Kum Wat Tai Kosum, Kosum Phisai, Maha Sarakham, (E.1)		16/06/2022
Stream : Chi									Royal Irrigation Department
River : Chi									Thailand
										Hydrology Division
										Rating Curve HC.000Y/1980

						Water Year - 1995	
		Discharge, in Cubic Meter per Second, Water Year  April 1, 1995 to March 31, 1996	

Date	Apr	May	Jun	Jul	Aug	Sep	Oct	Nov	Dec	Jan	Feb	Mar	Annual	
1	2.90	1.60	14.50	27.20	75.00	431.55	686.00	236.10	24.00	10.50	13.75	10.00		
2	1.30	1.60	14.75	28.00	75.50	430.70	688.00	227.70	23.60	9.25	14.50	7.10		
3	0.90	1.60	24.00	15.75	63.50	433.25	692.00	221.40	23.60	14.50	17.20	9.00		
4	1.45	0.90	27.60	33.35	59.50	442.60	696.00	211.60	23.60	15.00	11.75	12.50		
5	1.30	1.60	43.25	30.80	92.85	458.75	708.00	203.20	23.60	14.00	14.00	8.30		
6	0.50	5.70	40.10	37.40	208.10	474.05	710.00	196.40	23.60	12.00	10.75	6.90		
7	3.10	3.90	35.15	37.40	348.80	485.95	710.00	187.95	23.60	8.30	14.50	11.25		
8	6.30	2.35	22.40	60.00	405.60	495.70	710.00	180.15	24.00	9.25	12.25	8.10		
9	2.35	1.30	29.20	71.00	407.20	508.00	706.00	161.95	24.40	9.75	17.60	13.25		
10	1.30	1.60	21.60	86.00	380.00	524.35	694.00	141.60	24.80	8.75	13.25	9.00		
11	1.30	2.35	19.60	84.00	328.00	541.95	678.40	130.20	28.40	6.30	13.75	12.50		
12	2.70	1.90	25.20	76.00	313.60	557.20	662.40	111.00	34.70	6.90	11.50	12.00		
13	2.70	9.75	35.60	59.00	299.25	572.80	641.60	107.15	22.00	11.25	11.75	17.60		
14	2.90	25.60	36.95	54.95	326.40	598.20	614.50	98.90	15.75	9.50	13.25	12.50		
15	2.50	19.60	49.10	67.00	360.00	625.60	587.00	92.30	16.00	9.25	13.75	12.50		
16	2.35	24.00	48.20	59.00	394.40	652.80	564.40	83.50	17.60	9.75	12.50	20.00		
17	2.05	18.40	50.45	67.50	410.40	673.60	545.40	80.00	14.00	9.75	12.00	26.80		
18	1.45	15.75	55.40	72.00	420.50	690.00	524.35	75.50	14.25	10.25	10.50	10.00		
19	3.70	17.60	58.10	77.00	423.05	700.00	503.20	69.00	14.50	14.50	11.00	12.50		
20	1.75	13.00	59.00	83.50	429.00	710.00	480.00	66.00	11.50	6.70	16.80	13.00		
21	1.30	21.20	60.00	91.20	439.20	714.00	455.35	62.00	10.75	9.00	10.75	14.75		
22	2.70	13.25	61.50	91.20	451.95	716.00	427.30	58.10	10.00	11.25	12.25	14.50		
23	3.10	14.50	60.00	100.55	463.85	716.00	396.00	47.30	9.75	8.50	9.25	14.75		
24	4.30	15.00	52.70	105.50	466.40	714.00	368.80	45.95	10.75	11.50	5.30	11.25		
25	3.30	18.80	44.15	112.20	464.70	714.00	334.40	41.00	15.25	10.75	5.30	11.25		
26	2.35	20.40	34.25	129.60	463.00	702.00	277.50	38.30	11.25	12.00	10.00	11.50		
27	1.60	17.20	30.00	129.60	453.65	698.00	266.25	36.05	9.50	12.50	9.25	10.25		
28	1.30	20.00	29.60	122.40	448.55	696.00	256.50	31.20	14.50	15.50	7.70	15.25		
29	1.30	14.25	20.00	102.20	439.20	692.00	249.40	26.40	9.75	17.60	10.00	41.45		
30	1.60	13.25	26.40	91.75	435.80	690.00	245.90	24.80	14.25	16.80		32.45		
31		12.00		76.00	432.40		243.10		13.25	18.40		28.40		
Total	67.65	349.95	1128.75	2279.05	10779.35	18059.05	16321.75	3292.70	556.50	349.25	346.15	450.60	53980.75	
Mean	2.25	11.29	37.63	73.52	347.72	601.97	526.51	109.76	17.95	11.27	11.94	14.54	147.49	
Max	6.30	25.60	61.50	129.60	466.40	716.00	710.00	236.10	34.70	18.40	17.60	41.45	716.00	
Min	0.50	0.90	14.50	15.75	59.50	430.70	243.10	24.80	9.50	6.30	5.30	6.90	0.50	
Runoff	5.84	30.24	97.52	196.91	931.34	1560.30	1410.20	284.49	48.08	30.18	29.91	38.93	4663.94	
Momentary Peak 716.00 CMS, at 145.98 M (MSL.) at 6.00 hours, on Sep 22, 1995                         
Runoff Yield 4.96 Liters/Second/Square KM,  Momentary Peak Yield 24.04 Liters/Second/Square KM                         


Station : Ban Kum Wat Tai Kosum, Kosum Phisai, Maha Sarakham, (E.1)		16/06/2022
Stream : Chi									Royal Irrigation Department
River : Chi									Thailand
										Hydrology Division
										Rating Curve HC.000Y/1980

						Water Year - 1996	
		Discharge, in Cubic Meter per Second, Water Year  April 1, 1996 to March 31, 1997	

Date	Apr	May	Jun	Jul	Aug	Sep	Oct	Nov	Dec	Jan	Feb	Mar	Annual	
1	25.60	55.60	115.60	142.00	64.30	79.15	619.20	642.30	477.00	45.20	36.80	26.80		
2	19.20	53.60	115.60	129.40	62.10	99.40	590.60	636.80	459.00	47.20	35.60	20.80		
3	21.60	56.50	115.00	121.60	63.20	121.00	554.30	632.40	441.00	45.60	32.00	16.40		
4	21.60	60.00	91.80	124.60	49.60	136.60	524.00	630.20	401.00	39.60	32.80	26.80		
5	20.00	62.65	96.40	119.20	52.80	151.10	518.00	631.30	358.20	39.60	34.80	46.40		
6	17.20	65.40	95.80	116.20	53.20	171.40	520.00	630.20	324.00	40.00	31.60	27.60		
7	18.80	67.60	96.40	116.80	52.00	188.20	544.40	625.80	290.70	40.80	37.20	23.60		
8	16.00	70.90	95.80	110.20	48.00	188.90	559.80	623.60	253.58	41.60	32.40	15.10		
9	13.90	72.55	92.35	101.80	46.00	183.30	575.20	620.30	222.00	41.60	24.80	14.20		
10	16.40	85.75	85.75	96.40	63.75	178.40	614.80	619.20	193.80	41.60	26.80	18.40		
11	11.20	91.25	93.45	92.35	57.50	174.20	631.30	618.10	162.30	41.60	22.80	18.00		
12	11.20	92.90	90.70	76.95	51.20	176.30	646.70	618.10	86.85	41.60	16.80	27.60		
13	15.70	98.80	94.00	77.50	56.00	185.40	647.80	611.50	91.25	42.00	15.70	17.60		
14	22.80	97.00	101.20	76.40	55.20	237.90	655.50	609.30	94.60	43.20	16.80	23.20		
15	22.40	87.95	113.80	71.45	52.80	379.00	658.80	607.10	95.20	43.20	25.20	32.80		
16	23.20	86.85	116.20	73.10	47.20	508.00	661.00	606.00	89.60	46.40	26.40	40.80		
17	26.40	89.60	114.40	75.85	40.40	549.90	663.20	604.90	84.65	32.80	24.40	41.60		
18	23.60	92.35	118.60	72.00	35.60	560.90	665.40	602.70	84.10	28.80	19.60	48.80		
19	24.40	96.40	121.60	72.00	38.80	555.40	670.90	592.80	80.25	34.40	23.60	47.60		
20	19.60	101.20	139.00	69.25	46.40	543.30	670.90	589.50	83.00	31.20	18.80	40.40		
21	14.80	97.60	151.80	67.05	61.55	537.00	675.30	581.80	78.05	31.20	20.00	35.60		
22	21.60	105.40	153.20	67.05	63.75	525.00	678.60	575.20	78.05	42.00	25.60	41.60		
23	22.80	107.20	151.80	64.85	65.40	510.00	678.60	566.40	74.20	38.40	18.40	39.60		
24	22.80	107.80	153.90	70.90	62.10	516.00	679.70	558.70	73.10	50.40	15.10	39.20		
25	18.80	110.80	169.30	76.95	63.20	539.00	672.00	547.70	55.20	16.80	22.00	48.40		
26	19.60	109.60	165.80	79.70	67.60	622.50	669.80	534.00	39.20	10.30	25.60	51.20		
27	30.40	109.60	162.30	86.85	84.10	703.90	663.20	522.00	40.80	18.00	22.40	58.00		
28	34.80	112.00	151.10	81.90	65.95	717.15	658.80	508.00	45.20	11.20	18.00	76.40		
29	36.40	118.60	147.60	76.40	59.00	692.90	657.70	501.00	51.60	10.30		104.20		
30	36.80	119.20	139.60	66.50	59.50	658.80	655.50	488.00	51.20	11.20		89.05		
31		126.40		54.80	69.25		647.80		48.40	18.80		79.70		
Total	649.60	2809.05	3649.85	2728.00	1757.45	11390.00	19528.80	17734.90	5007.08	1066.60	702.00	1237.45	68260.78	
Mean	21.65	90.61	121.66	88.00	56.69	379.67	629.96	591.16	161.52	34.41	25.07	39.92	187.02	
Max	36.80	126.40	169.30	142.00	84.10	717.15	679.70	642.30	477.00	50.40	37.20	104.20	717.15	
Min	11.20	53.60	85.75	54.80	35.60	79.15	518.00	488.00	39.20	10.30	15.10	14.20	10.30	
Runoff	56.13	242.70	315.35	235.70	151.84	984.10	1687.29	1532.30	432.61	92.15	60.65	106.92	5897.73	
Momentary Peak 720.60 CMS, at 145.64 M (MSL.) at 6.00 hours, on Sep 28, 1996                         
Runoff Yield 6.28 Liters/Second/Square KM,  Momentary Peak Yield 24.19 Liters/Second/Square KM                         


Station : Ban Kum Wat Tai Kosum, Kosum Phisai, Maha Sarakham, (E.1)		16/06/2022
Stream : Chi									Royal Irrigation Department
River : Chi									Thailand
										Hydrology Division
										Rating Curve HC.000Y/1980

						Water Year - 1997	
		Discharge, in Cubic Meter per Second, Water Year  April 1, 1997 to March 31, 1998	

Date	Apr	May	Jun	Jul	Aug	Sep	Oct	Nov	Dec	Jan	Feb	Mar	Annual	
1	66.95	50.65	98.00	88.20	77.00	119.25	36.50	99.70	9.80	2.90	5.80	3.30		
2	74.10	54.50	111.60	49.44	69.40	130.30	40.60	86.10	11.20	4.00	5.20	3.30		
3	71.35	62.55	128.60	29.50	61.40	131.15	52.56	58.28	5.80	3.00	5.20	5.80		
4	68.05	66.95	101.40	25.00	56.20	125.20	64.00	47.88	8.80	2.90	5.80	6.00		
5	58.50	65.85	64.00	29.50	56.20	98.00	109.05	58.80	5.80	3.30	8.00	6.20		
6	49.75	65.30	65.20	27.50	62.96	92.40	128.60	40.60	5.00	4.00	8.20	7.60		
7	52.50	63.10	83.30	28.50	88.90	71.40	103.95	54.12	7.60	4.60	10.90	9.80		
8	57.00	51.55	84.70	10.90	116.70	121.80	100.55	29.50	5.80	4.60	6.60	8.40		
9	61.50	50.20	77.70	19.50	118.40	168.50	132.85	21.00	22.50	4.40	6.00	4.20		
10	61.00	47.05	70.70	21.50	112.45	223.75	132.85	22.00	29.50	4.00	5.20	5.20		
11	64.20	48.40	62.96	11.20	74.20	256.50	92.40	31.00	10.30	3.70	8.60	5.40		
12	64.20	47.95	58.28	12.70	54.64	298.00	87.50	28.00	5.20	3.80	8.00	3.70		
13	61.50	52.50	75.60	20.00	51.52	313.90	90.30	27.00	4.80	4.20	6.40	3.90		
14	76.30	57.00	55.68	21.50	54.12	296.80	109.90	23.00	4.80	4.40	6.20	4.60		
15	68.60	80.70	31.00	29.00	49.96	255.40	137.10	21.00	3.80	4.40	9.40	4.40		
16	64.75	99.40	46.84	28.00	54.64	207.00	152.35	17.50	3.40	4.20	6.80	3.10		
17	65.30	102.15	91.00	27.00	55.68	187.00	157.10	15.00	3.60	3.60	5.40	3.80		
18	55.00	82.90	81.90	41.12	53.08	159.00	158.05	11.20	4.60	4.20	3.80	3.10		
19	49.75	71.90	81.20	60.88	46.84	109.90	197.00	22.00	4.40	4.20	2.60	3.30		
20	47.05	68.60	89.60	72.10	37.50	81.90	180.00	17.00	3.60	4.00	2.60	3.00		
21	48.85	65.85	76.30	78.40	44.24	81.20	148.60	12.70	3.60	4.00	3.60	5.60		
22	59.50	69.15	43.20	92.40	32.50	68.20	141.40	10.90	4.60	3.90	3.90	5.60		
23	68.60	64.20	39.56	114.15	24.00	55.68	125.20	6.20	4.60	4.00	3.70	5.20		
24	96.65	42.10	41.12	132.85	24.00	55.68	103.95	8.20	3.70	3.10	3.70	5.00		
25	98.85	40.30	38.52	159.95	26.00	45.80	85.40	9.60	3.30	4.40	3.40	5.00		
26	58.50	47.05	32.00	164.70	45.28	42.68	90.30	8.00	3.50	4.20	3.30	4.80		
27	50.65	56.50	31.00	144.10	51.52	43.72	97.30	17.00	4.00	3.50	4.00	5.00		
28	56.50	68.05	47.36	125.20	64.60	52.04	88.90	10.30	4.60	3.90	3.40	5.00		
29	55.50	86.20	110.75	74.90	86.80	52.56	84.70	17.50	4.20	4.20		12.10		
30	54.00	99.40	106.50	70.00	103.10	36.50	81.90	13.00	3.30	4.20		22.50		
31		185.00		83.30	120.10		92.40		2.90	4.20		8.80		
Total	1884.95	2113.00	2125.57	1892.99	1973.93	3981.21	3403.26	844.08	202.60	122.00	155.70	182.70	18881.99	
Mean	62.83	68.16	70.85	61.06	63.68	132.71	109.78	28.14	6.54	3.94	5.56	5.89	51.73	
Max	98.85	185.00	128.60	164.70	120.10	313.90	197.00	99.70	29.50	4.60	10.90	22.50	313.90	
Min	47.05	40.30	31.00	10.90	24.00	36.50	36.50	6.20	2.90	2.90	2.60	3.00	2.60	
Runoff	162.86	182.56	183.65	163.55	170.55	343.98	294.04	72.93	17.50	10.54	13.45	15.79	1631.40	
Momentary Peak 326.90 CMS, at 140.73 M (MSL.) at 18.00 hours, on Sep 12, 1997                         
Runoff Yield 1.74 Liters/Second/Square KM,  Momentary Peak Yield 10.97 Liters/Second/Square KM                         


Station : Ban Kum Wat Tai Kosum, Kosum Phisai, Maha Sarakham, (E.1)		16/06/2022
Stream : Chi									Royal Irrigation Department
River : Chi									Thailand
										Hydrology Division
										Rating Curve HC.000Y/1980

						Water Year - 1998	
		Discharge, in Cubic Meter per Second, Water Year  April 1, 1998 to March 31, 1999	

Date	Apr	May	Jun	Jul	Aug	Sep	Oct	Nov	Dec	Jan	Feb	Mar	Annual	
1	9.60	12.40	12.40	14.80	11.20	151.00	68.60	60.60	12.70	4.40	1.60	11.20		
2	7.40	7.80	21.55	19.75	13.45	146.10	71.00	46.85	28.00	1.90	1.80	12.10		
3	7.60	8.40	18.40	14.80	9.80	146.10	62.25	46.85	23.50	1.90	1.90	10.60		
4	6.00	4.40	18.40	24.50	8.00	131.40	56.75	45.20	25.00	3.80	1.70	34.75		
5	5.60	5.20	17.50	30.50	9.80	126.50	52.35	39.15	18.40	4.40	1.50	14.80		
6	7.40	4.60	23.50	50.70	24.00	125.80	46.30	46.85	13.90	4.40	1.00	18.85		
7	9.60	3.40	22.00	68.60	23.50	136.30	34.20	22.50	16.60	3.80	1.20	27.50		
8	10.60	4.80	13.00	71.60	30.50	151.00	47.40	32.55	20.65	3.80	1.70	17.50		
9	21.10	3.80	17.05	80.00	30.00	184.40	37.50	28.50	14.80	3.80	2.40	10.30		
10	18.85	3.20	14.80	81.20	29.00	208.40	34.20	31.50	9.60	3.00	2.60	18.40		
11	17.05	1.70	14.80	81.80	34.20	245.40	32.00	31.50	13.45	3.40	2.20	5.40		
12	11.20	1.40	13.00	84.80	36.40	284.00	68.60	26.50	8.80	3.80	1.90	6.60		
13	9.80	2.40	54.55	90.20	30.00	313.00	81.80	12.10	8.60	3.80	1.60	4.80		
14	9.80	7.80	14.80	87.80	34.75	301.00	91.40	45.75	10.60	2.80	1.60	8.00		
15	9.80	9.20	7.80	97.80	46.85	270.00	95.00	21.55	11.80	2.80	1.70	7.20		
16	11.80	5.40	1.50	89.60	74.00	207.60	99.20	21.10	10.30	2.80	1.90	5.20		
17	14.80	6.80	2.00	95.00	89.60	166.80	87.80	31.00	8.20	3.00	2.20	5.60		
18	29.50	8.80	0.95	95.00	77.00	156.25	87.80	6.20	7.80	3.80	2.80	5.00		
19	26.00	12.10	1.60	78.20	92.00	128.60	104.80	5.80	9.60	4.40	2.40	5.40		
20	23.50	11.50	0.95	46.30	92.00	127.20	124.40	9.80	14.80	5.60	1.90	4.80		
21	35.85	25.50	2.40	60.05	118.10	102.00	105.50	15.25	9.20	4.00	1.90	8.20		
22	29.00	16.60	4.20	34.20	154.75	92.00	97.80	29.00	7.40	3.80	1.80	6.80		
23	26.50	7.60	4.80	23.50	177.20	95.00	101.30	6.20	9.40	3.80	1.60	13.90		
24	24.50	7.80	3.20	20.20	210.80	93.20	92.00	13.45	9.60	3.20	1.60	13.90		
25	19.30	9.00	3.00	20.65	219.95	96.40	95.70	24.00	6.80	2.80	1.70	20.20		
26	14.35	7.20	4.20	15.70	220.80	89.60	86.00	19.75	5.80	2.80	4.20	17.50		
27	12.40	6.20	6.80	13.45	218.25	97.80	80.00	22.50	3.80	2.00	0.95	14.80		
28	11.20	6.60	7.40	14.80	201.20	89.00	88.40	9.80	5.20	2.80	0.95	14.35		
29	7.60	9.40	7.00	14.80	188.40	81.80	75.80	14.80	7.40	2.80		16.60		
30	18.40	10.00	7.80	6.80	176.40	74.60	64.45	26.00	7.80	2.80		17.05		
31		7.80		9.20	166.00		52.35		10.90	2.80		16.15		
Total	466.10	238.80	341.35	1536.30	2847.90	4618.25	2322.65	792.60	370.40	105.00	52.30	393.45	14085.10	
Mean	15.54	7.70	11.38	49.56	91.87	153.94	74.92	26.42	11.95	3.39	1.87	12.69	38.59	
Max	35.85	25.50	54.55	97.80	220.80	313.00	124.40	60.60	28.00	5.60	4.20	34.75	313.00	
Min	5.60	1.40	0.95	6.80	8.00	74.60	32.00	5.80	3.80	1.90	0.95	4.80	0.95	
Runoff	40.27	20.63	29.49	132.74	246.06	399.02	200.68	68.48	32.00	9.07	4.52	33.99	1216.95	
Momentary Peak 317.00 CMS, at 141.19 M (MSL.) at 18.00 hours, on Sep 13, 1998                         
Runoff Yield 1.30 Liters/Second/Square KM,  Momentary Peak Yield 10.64 Liters/Second/Square KM                         


Station : Ban Kum Wat Tai Kosum, Kosum Phisai, Maha Sarakham, (E.1)		16/06/2022
Stream : Chi									Royal Irrigation Department
River : Chi									Thailand
										Hydrology Division
										Rating Curve HC.000Y/1980

						Water Year - 1999	
		Discharge, in Cubic Meter per Second, Water Year  April 1, 1999 to March 31, 2000	

Date	Apr	May	Jun	Jul	Aug	Sep	Oct	Nov	Dec	Jan	Feb	Mar	Annual	
1	11.50	29.60	118.24	148.16	118.24	34.60	337.72	248.18	163.12	9.20	12.40	44.48		
2	14.35	30.70	94.44	119.60	122.32	47.04	283.12	261.50	136.60	13.90	17.05	45.76		
3	12.70	29.60	78.12	125.72	142.72	44.48	240.90	278.52	106.68	12.10	20.25	48.96		
4	13.90	20.80	55.36	156.32	181.48	66.88	221.30	286.24	88.32	12.70	26.30	45.12		
5	9.20	44.48	86.96	181.48	178.76	68.16	219.90	309.64	79.48	17.05	17.50	50.24		
6	7.40	58.56	131.16	216.40	159.04	78.80	224.10	334.60	70.08	14.80	27.40	50.24		
7	4.40	61.76	131.84	239.50	170.60	96.48	213.60	346.30	57.92	17.05	16.15	47.04		
8	3.80	64.96	100.56	252.62	158.36	120.96	211.50	344.74	56.00	13.00	18.60	48.96		
9	3.40	91.04	93.76	266.68	100.56	148.84	208.70	340.84	58.56	11.80	18.05	43.84		
10	8.00	118.24	91.72	279.26	64.96	152.24	203.92	340.84	37.60	21.90	15.25	43.84		
11	4.00	141.36	84.92	292.48	62.40	142.72	201.88	348.64	50.24	20.25	18.05	56.64		
12	13.45	171.28	87.64	297.94	48.32	158.36	186.24	366.80	58.56	18.05	15.70	61.76		
13	12.70	169.92	78.80	293.26	30.15	181.48	184.20	374.00	66.24	18.60	15.25	51.52		
14	19.70	157.68	82.20	289.36	28.50	199.84	159.72	372.40	69.44	21.90	17.50	55.36		
15	37.00	166.52	70.72	280.00	18.60	201.88	154.96	367.60	45.76	21.35	37.60	63.04		
16	62.40	152.92	71.36	250.40	29.05	217.10	171.96	364.40	49.60	20.25	50.24	63.68		
17	48.96	154.28	76.08	215.00	20.80	221.30	178.76	355.66	60.48	18.60	57.28	64.96		
18	48.96	147.48	81.52	199.84	30.70	217.80	173.32	350.98	52.16	17.50	63.04	66.88		
19	67.52	151.56	80.16	191.68	17.50	212.20	177.40	346.30	25.75	18.05	63.68	66.88		
20	92.40	150.88	93.08	183.52	18.05	214.30	176.72	349.42	16.15	26.30	59.84	60.48		
21	94.44	114.84	139.32	134.56	23.00	224.10	183.52	339.28	9.20	23.00	58.56	60.48		
22	89.68	120.96	165.16	66.24	31.80	240.90	183.52	324.46	8.80	16.15	49.60	61.76		
23	73.36	131.16	179.44	57.28	25.75	272.60	183.52	309.64	7.20	15.25	52.16	60.48		
24	80.84	147.48	202.56	82.88	25.75	329.14	182.16	290.14	7.40	16.15	47.68	56.64		
25	61.12	159.04	192.36	95.80	27.95	372.40	183.52	243.74	6.80	16.60	46.40	56.64		
26	55.36	156.32	193.04	98.52	26.85	410.00	183.52	216.40	6.20	14.35	48.96	58.56		
27	64.96	150.88	210.10	103.28	38.20	439.60	183.52	206.64	7.60	17.50	47.04	61.12		
28	47.68	137.96	223.40	100.56	40.00	440.40	184.20	202.56	7.00	17.05	45.76	61.76		
29	37.60	133.20	208.70	93.76	37.60	394.80	197.12	183.52	5.80	12.40	43.84	52.16		
30	46.40	128.44	179.44	95.12	43.84	361.20	217.10	176.04	7.00	12.40		54.08		
31		112.80		94.44	35.20		227.60		8.60	15.25		52.16		
Total	1147.18	3606.70	3682.16	5501.66	2057.05	6310.60	6239.22	9180.02	1430.34	520.45	1027.13	1715.52	42418.03	
Mean	38.24	116.35	122.74	177.47	66.36	210.35	201.27	306.00	46.14	16.79	35.42	55.34	115.90	
Max	94.44	171.28	223.40	297.94	181.48	440.40	337.72	374.00	163.12	26.30	63.68	66.88	440.40	
Min	3.40	20.80	55.36	57.28	17.50	34.60	154.96	176.04	5.80	9.20	12.40	43.84	3.40	
Runoff	99.12	311.62	318.14	475.34	177.73	545.24	539.07	793.15	123.58	44.97	88.74	148.22	3664.92	
Momentary Peak 444.40 CMS, at 143.08 M (MSL.) at 6.00 hours, on Sep 28, 1999                         
Runoff Yield 3.90 Liters/Second/Square KM,  Momentary Peak Yield 14.92 Liters/Second/Square KM                         


Station : Ban Kum Wat Tai Kosum, Kosum Phisai, Maha Sarakham, (E.1)		16/06/2022
Stream : Chi									Royal Irrigation Department
River : Chi									Thailand
										Hydrology Division
										Rating Curve HC.000Y/1980

						Water Year - 2000	
		Discharge, in Cubic Meter per Second, Water Year  April 1, 2000 to March 31, 2001	

Date	Apr	May	Jun	Jul	Aug	Sep	Oct	Nov	Dec	Jan	Feb	Mar	Annual	
1	58.56	197.80	463.60	628.60	564.92	660.84	1014.20	396.40	68.16	31.25	29.60	51.52		
2	61.12	195.76	470.00	629.84	545.52	647.20	980.20	387.60	68.16	32.90	29.05	52.16		
3	59.20	217.10	478.84	637.28	545.52	631.08	947.68	367.60	60.48	35.80	26.85	52.16		
4	57.92	243.74	488.08	639.76	533.20	613.72	927.84	363.60	64.96	37.60	26.30	52.16		
5	57.92	272.60	496.48	642.24	519.16	602.64	878.24	358.00	63.04	34.00	27.95	57.28		
6	58.56	294.82	507.40	645.96	509.92	598.04	842.16	350.98	59.20	33.45	30.70	50.88		
7	56.64	305.74	515.80	650.92	488.08	592.52	815.28	343.18	50.24	28.50	27.40	50.88		
8	57.28	309.64	523.52	649.68	476.40	588.84	792.24	335.38	42.56	32.90	31.25	53.44		
9	55.36	308.86	525.28	649.68	478.84	588.84	765.36	325.24	43.20	34.60	25.75	52.80		
10	60.48	303.40	528.80	647.20	480.52	589.76	739.08	316.66	39.40	32.35	34.00	52.16		
11	68.80	304.96	531.44	645.96	482.20	603.56	717.24	304.96	34.60	31.80	31.25	65.60		
12	68.16	320.56	534.08	644.72	483.88	650.92	687.60	297.94	30.15	33.45	32.35	68.16		
13	65.60	329.14	535.84	650.92	483.88	704.76	672.00	287.80	36.40	33.45	32.35	70.08		
14	71.36	335.38	536.72	659.60	472.40	745.32	652.16	279.26	31.80	29.05	35.80	59.84		
15	72.00	336.94	536.72	672.00	458.80	830.64	633.56	260.76	25.75	33.45	35.20	55.36		
16	84.92	340.06	541.12	675.12	436.40	912.96	609.08	240.20	27.40	33.45	38.20	53.44		
17	103.96	329.92	547.28	684.48	413.20	990.40	591.60	219.90	34.60	34.60	37.60	51.52		
18	108.72	329.14	564.92	686.04	395.60	1058.40	566.76	193.72	43.84	33.45	35.20	50.88		
19	123.68	330.70	584.24	686.04	377.20	1068.60	543.76	169.24	39.40	33.45	22.45	44.48		
20	123.00	344.74	602.64	681.36	360.40	1044.80	519.16	137.28	47.68	31.80	30.70	41.92		
21	118.92	394.00	619.92	670.76	347.86	1010.80	503.20	115.52	64.32	34.00	36.40	46.40		
22	131.16	478.84	633.56	662.08	339.28	990.40	487.24	116.88	41.92	32.35	52.16	50.88		
23	159.72	496.48	644.72	649.68	342.40	983.60	480.52	118.92	43.20	33.45	45.12	48.96		
24	174.00	505.72	648.44	617.44	395.60	1017.60	477.20	121.64	50.88	25.20	57.28	53.44		
25	178.08	512.44	650.92	614.96	511.60	1051.60	475.60	116.20	51.52	25.75	54.72	45.76		
26	181.48	514.12	650.92	604.48	612.48	1082.20	466.80	104.64	52.16	25.20	56.64	45.76		
27	188.96	513.28	649.68	596.20	687.60	1089.00	455.60	85.60	40.00	20.80	57.92	51.52		
28	194.40	505.72	644.72	588.84	700.08	1085.60	446.80	78.12	35.20	26.85	52.16	59.84		
29	210.10	496.48	639.76	580.56	693.84	1068.60	432.40	72.00	32.35	19.70		60.48		
30	211.50	488.08	632.32	575.96	684.48	1044.80	426.00	75.40	30.15	27.40		61.12		
31		479.68		570.44	672.00		406.80		31.25	27.40		67.52		
Total	3221.56	11335.84	16927.76	19838.80	15493.26	25148.04	19953.36	6940.62	1383.97	959.40	1032.35	1678.40	123913.36	
Mean	107.39	365.67	564.26	639.96	499.78	838.27	643.66	231.35	44.64	30.95	36.87	54.14	339.49	
Max	211.50	514.12	650.92	686.04	700.08	1089.00	1014.20	396.40	68.16	37.60	57.92	70.08	1089.00	
Min	55.36	195.76	463.60	570.44	339.28	588.84	406.80	72.00	25.75	19.70	22.45	41.92	19.70	
Runoff	278.34	979.42	1462.56	1714.07	1338.62	2172.79	1723.97	599.67	119.58	82.89	89.20	145.01	10706.11	
Momentary Peak 1092.40 CMS, at 147.36 M (MSL.) at 6.00 hours, on Sep 27, 2000                         
Runoff Yield 11.40 Liters/Second/Square KM,  Momentary Peak Yield 36.67 Liters/Second/Square KM                         


Station : Ban Kum Wat Tai Kosum, Kosum Phisai, Maha Sarakham, (E.1)		16/06/2022
Stream : Chi									Royal Irrigation Department
River : Chi									Thailand
										Hydrology Division
										Rating Curve HC.000Y/1980

						Water Year - 2001	
		Discharge, in Cubic Meter per Second, Water Year  April 1, 2001 to March 31, 2002	

Date	Apr	May	Jun	Jul	Aug	Sep	Oct	Nov	Dec	Jan	Feb	Mar	Annual	
1	58.01	69.08	68.55	86.99	86.47	574.54	721.15	779.80	147.05	95.95	64.86	47.20		
2	61.17	68.02	65.39	79.62	76.98	573.20	700.80	786.80	141.85	87.52	68.02	50.11		
3	59.07	77.51	78.04	68.02	73.29	548.10	680.55	795.20	158.10	79.09	68.55	47.60		
4	68.02	97.53	83.30	54.85	65.39	491.75	671.10	799.40	154.85	76.45	68.55	48.00		
5	62.23	86.47	82.25	51.69	65.92	471.05	656.28	796.60	154.85	69.60	69.08	54.32		
6	69.60	75.93	88.57	44.00	71.19	444.60	638.86	792.40	149.65	61.70	68.02	53.80		
7	71.19	66.97	94.37	35.60	91.74	436.55	624.12	784.00	133.40	55.90	59.07	52.22		
8	69.08	62.23	91.21	35.20	115.97	433.10	604.02	774.20	130.15	47.60	50.11	51.69		
9	68.55	59.59	88.05	44.80	121.05	434.25	591.96	771.40	128.85	42.00	48.53	55.38		
10	60.65	53.80	90.68	51.16	125.60	453.80	570.52	760.20	124.95	40.00	45.20	55.90		
11	61.70	60.65	93.84	68.55	139.90	500.95	552.70	743.40	121.05	39.60	44.80	52.74		
12	60.12	63.28	97.53	87.52	171.10	561.90	532.00	729.40	116.50	39.20	50.63	54.85		
13	71.19	65.92	98.06	90.68	252.60	608.04	499.80	711.60	110.70	43.20	48.53	57.48		
14	68.55	55.38	108.07	86.99	370.00	649.58	440.00	696.75	100.17	48.53	51.69	54.85		
15	69.60	56.43	139.25	80.67	456.10	658.96	376.00	681.90	105.44	50.63	54.32	52.74		
16	75.93	64.33	144.45	76.45	486.00	665.70	294.40	661.65	111.76	58.54	52.22	52.74		
17	75.40	71.19	145.10	70.13	521.65	671.10	223.80	637.52	115.97	68.02	49.58	53.27		
18	73.82	81.72	135.35	63.28	549.25	681.90	196.60	616.08	108.07	66.44	48.53	56.43		
19	60.12	81.72	137.95	55.38	579.90	687.30	220.60	583.92	115.97	65.39	47.60	57.48		
20	58.01	73.82	138.60	55.38	617.42	688.65	207.80	533.15	112.29	63.28	47.60	58.01		
21	59.59	69.60	110.70	51.16	638.86	690.00	191.00	421.60	117.15	62.75	47.60	59.07		
22	65.92	68.55	92.26	50.63	649.58	694.05	166.55	334.00	119.10	63.28	46.80	55.38		
23	64.86	68.55	85.94	58.54	652.26	711.60	174.35	287.20	116.50	60.65	46.00	52.74		
24	71.19	69.60	82.78	58.01	640.20	719.78	227.80	252.60	115.97	58.54	46.80	53.27		
25	70.13	70.13	65.39	64.33	620.10	732.20	433.10	218.20	115.97	56.96	46.80	59.59		
26	72.24	65.92	99.11	73.82	586.60	756.00	571.86	178.20	112.81	58.54	46.00	58.54		
27	70.66	68.55	132.75	83.83	515.90	778.40	614.74	164.60	112.29	64.86	46.80	54.32		
28	84.89	64.33	141.85	92.79	464.15	785.40	656.28	158.10	108.60	75.93	49.58	51.69		
29	72.24	63.28	122.35	102.80	471.05	777.00	702.15	154.85	105.44	78.56		52.74		
30	60.65	68.55	108.60	103.33	518.20	750.40	735.00	156.15	105.44	74.87		55.90		
31		68.55		93.84	552.70		761.60		103.85	69.60		65.92		
Total	2014.38	2137.18	3110.34	2120.04	11347.12	18629.85	15237.49	16760.87	3774.74	1923.18	1481.87	1685.97	80223.03	
Mean	67.15	68.94	103.68	68.39	366.04	621.00	491.53	558.70	121.77	62.04	52.92	54.39	219.79	
Max	84.89	97.53	145.10	103.33	652.26	785.40	761.60	799.40	158.10	95.95	69.08	65.92	799.40	
Min	58.01	53.80	65.39	35.20	65.39	433.10	166.55	154.85	100.17	39.20	44.80	47.20	35.20	
Runoff	174.04	184.65	268.73	183.17	980.39	1609.62	1316.52	1448.14	326.14	166.16	128.03	145.67	6931.27	
Momentary Peak 799.40 CMS, at 145.51 M (MSL.) at 6.00 hours, on Nov 4, 2001                         
Runoff Yield 7.38 Liters/Second/Square KM,  Momentary Peak Yield 26.84 Liters/Second/Square KM                         


Station : Ban Kum Wat Tai Kosum, Kosum Phisai, Maha Sarakham, (E.1)		16/06/2022
Stream : Chi									Royal Irrigation Department
River : Chi									Thailand
										Hydrology Division
										Rating Curve HC.000Y/1980

						Water Year - 2002	
		Discharge, in Cubic Meter per Second, Water Year  April 1, 2002 to March 31, 2003	

Date	Apr	May	Jun	Jul	Aug	Sep	Oct	Nov	Dec	Jan	Feb	Mar	Annual	
1	67.40	44.20	140.00	39.20	50.25	209.50	1420.00	770.80	270.00	53.60	57.80	56.00		
2	77.00	46.40	127.40	42.00	78.20	280.20	1380.01	768.50	233.20	47.50	56.00	60.20		
3	74.60	56.00	118.40	48.60	49.70	328.30	1340.00	765.05	210.25	44.75	54.80	60.80		
4	65.00	69.80	118.40	51.35	66.20	465.00	1320.00	761.60	190.60	44.20	53.00	58.40		
5	51.90	80.60	120.80	47.50	60.80	542.10	1280.00	757.00	163.40	45.30	52.45	57.20		
6	48.05	83.00	123.20	38.80	56.60	647.75	1320.00	751.25	135.20	45.30	52.45	54.80		
7	41.60	82.40	126.20	42.55	63.80	705.25	1330.00	746.65	134.60	44.20	53.00	57.20		
8	38.80	76.40	129.80	41.60	55.40	736.30	1290.00	737.45	131.00	41.20	51.90	59.60		
9	42.00	67.40	122.60	37.60	40.00	762.75	1244.00	729.40	125.00	39.60	50.25	62.00		
10	44.75	62.00	126.20	36.40	29.20	790.40	1228.00	717.90	114.20	41.20	49.15	66.20		
11	47.50	62.60	130.40	36.80	20.80	839.00	1204.00	709.85	107.60	44.20	43.10	67.40		
12	46.95	69.80	137.00	34.80	23.60	855.00	1168.00	697.20	100.40	44.75	46.40	67.40		
13	43.65	76.40	149.00	28.40	32.40	866.40	1144.00	689.15	97.40	43.65	44.75	80.00		
14	41.60	72.80	155.00	23.60	34.00	878.00	1105.60	679.95	98.60	45.30	43.65	90.20		
15	44.20	74.00	157.40	22.00	34.80	884.00	1064.40	669.60	99.20	48.60	45.30	93.80		
16	46.95	92.00	158.60	22.40	29.60	896.40	1034.00	656.95	96.20	51.90	49.70	95.60		
17	46.95	104.00	156.80	23.60	29.60	925.20	1012.40	642.00	87.20	55.40	58.40	92.00		
18	44.75	129.20	143.00	27.20	30.80	965.40	977.00	609.80	80.60	57.20	62.00	84.80		
19	42.00	139.40	126.80	32.40	34.00	971.00	965.40	579.50	68.00	55.40	65.00	80.60		
20	41.60	138.20	137.60	32.00	58.40	983.00	939.60	546.50	60.80	54.80	65.60	78.20		
21	40.80	141.20	132.20	33.60	96.20	1041.60	922.80	518.45	78.80	62.00	65.00	81.80		
22	38.40	138.80	118.40	34.00	170.60	1100.80	896.40	484.00	78.20	60.20	63.80	83.60		
23	36.80	137.60	82.40	33.20	202.75	1174.00	872.10	445.00	77.60	61.40	62.00	85.40		
24	37.60	137.60	43.10	28.80	189.90	1236.00	858.80	406.00	74.00	60.20	35.60	86.00		
25	40.00	139.40	40.80	22.40	172.40	1400.00	832.60	368.05	68.60	61.40	47.50	84.20		
26	40.80	135.20	33.60	21.20	147.80	1460.00	821.50	341.45	63.80	63.20	56.00	83.00		
27	38.00	137.00	33.20	20.00	162.80	1480.00	811.00	336.70	60.20	64.40	54.80	83.60		
28	36.40	135.80	34.40	20.40	171.20	1460.00	799.00	322.90	59.00	61.40	54.20	87.80		
29	37.60	142.40	36.40	32.80	129.80	1460.00	787.80	298.90	57.80	59.00		93.80		
30	39.60	133.40	37.60	24.80	151.40	1460.00	782.60	274.25	56.60	56.60		102.80		
31		136.40		54.20	161.00		775.40		55.40	57.80		103.40		
Total	1383.25	3141.40	3296.70	1034.20	2634.00	27803.35	32926.41	17781.80	3333.45	1615.65	1493.60	2397.80	98841.61	
Mean	46.11	101.34	109.89	33.36	84.97	926.78	1062.14	592.73	107.53	52.12	53.34	77.35	270.80	
Max	77.00	142.40	158.60	54.20	202.75	1480.00	1420.00	770.80	270.00	64.40	65.60	103.40	1480.00	
Min	36.40	44.20	33.20	20.00	20.80	209.50	775.40	274.25	55.40	39.60	35.60	54.80	20.00	
Runoff	119.51	271.42	284.83	89.35	227.58	2402.21	2844.84	1536.35	288.01	139.59	129.05	207.17	8539.92	
Momentary Peak 1479.99 CMS, at 147.76 M (MSL.) at 18.00 hours, on Sep 26, 2002                         
Runoff Yield 9.09 Liters/Second/Square KM,  Momentary Peak Yield 49.68 Liters/Second/Square KM                         


Station : Ban Kum Wat Tai Kosum, Kosum Phisai, Maha Sarakham, (E.1)		16/06/2022
Stream : Chi									Royal Irrigation Department
River : Chi									Thailand
										Hydrology Division
										Rating Curve HC.000Y/1980

						Water Year - 2003	
		Discharge, in Cubic Meter per Second, Water Year  April 1, 2003 to March 31, 2004	

Date	Apr	May	Jun	Jul	Aug	Sep	Oct	Nov	Dec	Jan	Feb	Mar	Annual	
1	146.72	14.36	76.32	70.56	65.28	171.20	605.20	90.40	78.24	59.52	47.52	24.40		
2	145.44	43.68	75.84	67.20	66.24	141.60	575.52	80.64	62.88	64.32	47.52	26.80		
3	144.80	23.40	73.92	78.72	70.56	123.04	543.04	72.00	33.20	58.56	47.52	28.00		
4	140.96	25.20	75.36	127.52	105.12	121.12	517.28	62.88	22.20	66.24	46.56	29.60		
5	122.40	25.60	76.80	150.40	150.40	147.36	485.92	61.92	26.00	68.64	46.08	31.60		
6	101.28	24.00	76.80	139.04	176.00	212.00	449.28	60.96	32.00	50.88	46.56	29.60		
7	87.20	21.30	75.36	128.16	171.20	251.20	408.72	61.44	35.60	34.00	46.08	27.60		
8	90.40	18.60	121.12	115.36	157.60	277.60	402.48	61.92	34.00	30.00	44.64	24.00		
9	91.68	17.72	140.96	108.32	144.16	331.36	407.68	60.48	34.40	26.00	43.68	24.00		
10	94.24	21.00	142.88	101.28	119.20	406.64	401.44	60.96	45.60	22.50	42.24	21.90		
11	94.24	23.10	137.76	96.16	103.84	487.04	381.68	60.96	38.88	24.40	41.76	22.50		
12	94.24	24.40	119.84	103.84	84.64	549.76	353.44	60.96	36.48	26.00	40.80	23.40		
13	91.68	27.20	66.72	99.36	72.00	635.20	343.84	60.96	37.44	27.20	38.40	24.80		
14	89.76	28.40	17.16	94.24	64.80	696.40	329.44	60.96	36.96	28.80	34.80	27.20		
15	89.12	28.40	32.80	89.12	59.04	750.40	319.84	64.80	36.48	33.20	31.60	29.60		
16	89.76	27.60	64.80	82.08	60.00	782.80	306.40	61.44	34.80	34.40	30.40	30.00		
17	91.04	28.40	92.96	76.32	70.56	788.80	296.80	60.96	33.20	35.60	29.60	28.80		
18	98.72	33.20	108.32	68.64	75.84	800.80	281.44	57.12	30.80	36.00	28.40	28.40		
19	108.32	30.40	103.84	70.08	81.60	806.80	257.60	57.12	29.20	39.84	23.40	28.00		
20	128.16	31.20	132.00	83.52	92.32	809.20	244.80	57.60	26.80	42.24	25.60	28.40		
21	123.04	30.80	150.40	85.92	123.04	809.20	239.20	59.04	24.80	42.72	24.80	28.00		
22	121.76	31.20	149.60	79.68	210.40	804.40	232.80	60.48	22.80	42.72	24.00	27.60		
23	117.92	25.60	144.80	82.08	347.68	791.20	208.80	65.28	24.40	44.16	23.70	26.40		
24	105.12	19.20	147.36	86.56	403.52	780.40	191.20	63.36	28.80	45.60	24.00	24.40		
25	85.92	18.30	148.80	93.60	410.80	757.60	174.40	64.80	27.60	47.04	23.70	21.90		
26	84.00	28.80	137.76	116.64	436.80	733.60	153.60	66.24	27.60	47.04	23.40	22.50		
27	44.16	34.80	111.52	133.28	425.36	710.80	129.44	67.68	27.20	45.60	23.40	23.70		
28	20.10	45.60	84.00	135.20	384.80	684.40	122.40	69.60	26.00	45.12	24.40	27.60		
29	15.76	56.16	74.40	125.60	353.44	653.20	113.44	71.52	25.20	45.12	24.00	29.60		
30	14.08	64.32	73.44	98.72	367.12	640.00	103.84	77.28	25.60	45.12		30.00		
31		63.36		71.04	265.60		97.44		24.80	46.56		31.20		
Total	2872.02	935.30	3033.64	3058.24	5718.96	16655.12	9678.40	1941.76	1029.96	1305.14	998.56	831.50	48058.60	
Mean	95.73	30.17	101.12	98.65	184.48	555.17	312.21	64.73	33.22	42.10	34.43	26.82	131.31	
Max	146.72	64.32	150.40	150.40	436.80	809.20	605.20	90.40	78.24	68.64	47.52	31.60	809.20	
Min	14.08	14.36	17.16	67.20	59.04	121.12	97.44	57.12	22.20	22.50	23.40	21.90	14.08	
Runoff	248.14	80.81	262.11	264.23	494.12	1439.00	836.21	167.77	88.99	112.76	86.28	71.84	4152.26	
Momentary Peak 810.40 CMS, at 145.92 M (MSL.) at 6.00 hours, on Sep 20, 2003                         
Runoff Yield 4.42 Liters/Second/Square KM,  Momentary Peak Yield 27.21 Liters/Second/Square KM                         


Station : Ban Kum Wat Tai Kosum, Kosum Phisai, Maha Sarakham, (E.1)		16/06/2022
Stream : Chi									Royal Irrigation Department
River : Chi									Thailand
										Hydrology Division
										Rating Curve HC.000Y/1980

						Water Year - 2004	
		Discharge, in Cubic Meter per Second, Water Year  April 1, 2004 to March 31, 2005	

Date	Apr	May	Jun	Jul	Aug	Sep	Oct	Nov	Dec	Jan	Feb	Mar	Annual	
1	40.04	103.20	10.80	108.15	451.84	239.44	111.45	31.60	8.80	7.40	9.00	4.00		
2	41.36	86.15	35.20	104.85	449.27	228.88	119.15	38.10	8.80	7.20	8.20	4.40		
3	44.96	77.35	45.80	118.05	458.67	234.82	128.49	28.00	8.20	6.60	7.20	4.20		
4	47.84	75.70	64.00	96.60	445.85	242.74	136.42	22.40	7.80	5.80	7.00	3.80		
5	46.88	74.05	72.40	91.10	458.67	244.06	133.37	28.00	7.40	5.80	6.40	3.80		
6	41.36	69.10	77.90	90.00	448.42	242.08	123.61	32.50	7.60	5.60	5.80	3.80		
7	35.20	58.00	82.85	88.90	434.75	217.00	110.35	32.50	7.60	5.40	4.00	3.60		
8	35.64	37.00	94.40	84.50	447.56	189.28	97.70	28.90	7.60	5.00	5.00	3.80		
9	38.28	24.80	108.70	79.00	450.13	177.90	100.45	23.20	7.40	4.80	8.20	3.80		
10	36.96	19.20	100.45	80.10	429.62	180.95	89.45	26.40	7.40	4.20	7.60	3.40		
11	36.08	16.80	95.50	88.90	415.09	175.46	76.25	19.60	7.20	3.80	7.00	3.20		
12	36.08	16.40	91.65	93.85	398.86	183.39	72.40	20.80	7.40	3.80	6.20	3.00		
13	36.08	16.00	109.25	89.45	386.30	218.32	58.00	16.40	7.40	3.80	5.80	2.60		
14	35.64	14.80	119.15	81.20	371.48	228.22	23.20	13.60	7.40	3.80	5.20	2.20		
15	34.76	13.60	189.28	79.55	341.06	224.26	70.20	11.80	7.40	3.80	4.40	3.60		
16	34.76	12.80	329.36	87.80	313.00	211.06	39.20	11.60	7.40	3.80	4.00	4.20		
17	33.00	12.40	389.42	91.10	292.00	193.24	43.60	12.00	7.80	3.80	4.40	2.60		
18	32.12	11.20	416.80	98.25	278.00	182.78	34.30	10.80	7.80	4.40	4.40	3.00		
19	37.40	10.40	375.38	109.25	274.50	194.56	36.10	9.60	7.40	6.20	4.60	4.80		
20	45.44	8.80	315.10	72.40	301.80	191.26	34.30	8.80	7.40	7.60	4.60	6.40		
21	54.08	6.60	254.20	138.86	387.08	203.80	22.40	7.60	7.40	8.00	4.60	7.00		
22	62.72	5.20	209.74	170.58	431.33	280.80	20.80	8.60	7.40	9.20	4.80	7.20		
23	71.85	4.40	179.73	221.62	439.02	357.44	18.80	9.00	7.40	12.40	4.20	7.20		
24	81.75	3.00	144.35	262.60	437.31	365.24	20.00	8.80	6.80	18.80	3.80	7.20		
25	92.75	2.80	141.30	327.02	412.53	337.16	28.00	9.60	6.80	27.20	3.80	7.20		
26	103.20	3.40	137.64	361.34	360.56	302.50	24.00	9.60	7.00	17.20	3.80	7.40		
27	114.20	4.00	137.03	397.22	283.60	263.30	24.00	9.80	7.40	12.00	3.80	7.80		
28	123.61	4.60	127.88	446.71	285.00	230.86	26.40	9.40	7.60	11.00	4.00	7.80		
29	123.61	5.20	119.15	480.89	282.20	198.52	24.00	8.80	7.40	9.80		7.60		
30	111.45	5.80	112.55	480.89	267.50	170.58	27.20	8.80	7.60	8.60		7.60		
31		7.20		470.64	250.00		29.80		7.20	7.60		7.80		
Total	1709.10	809.95	4686.96	5591.37	11683.00	6909.90	1903.39	516.60	233.20	244.40	151.80	156.00	34595.67	
Mean	56.97	26.13	156.23	180.37	376.87	230.33	61.40	17.22	7.52	7.88	5.42	5.03	94.78	
Max	123.61	103.20	416.80	480.89	458.67	365.24	136.42	38.10	8.80	27.20	9.00	7.80	480.89	
Min	32.12	2.80	10.80	72.40	250.00	170.58	18.80	7.60	6.80	3.80	3.80	2.20	2.20	
Runoff	147.67	69.98	404.95	483.09	1009.41	597.02	164.45	44.63	20.15	21.12	13.12	13.48	2989.07	
Momentary Peak 501.98 CMS, at 144.21 M (MSL.) at 18.00 hours, on Jul 29, 2004                         
Runoff Yield 3.18 Liters/Second/Square KM,  Momentary Peak Yield 16.85 Liters/Second/Square KM                         


